0
0
0
0
0
0
0
0
0
0
0
0
-0.03319069
-0.08187529
0.009769056
-0.1247234
-0.1251723
0.0120389
-0.5665627
0.1243737
-0.21025
-0.3315009
-0.2234462
-0.5946636
0.1529218
-0.7815184
-0.2380102
-0.2218059
-0.3770169
-0.7403948
-0.1438426
-0.541558
-0.5536684
0.6911278
-1.258263
0.1424314
-0.1143487
-0.5275162
-0.09614763
-1.002279
0.3670458
-0.8520388
-0.3032234
-0.1612504
-0.1913047
0.3347568
-0.5662954
0.2329724
-0.6365594
-0.03381705
-0.2168678
-0.1979166
-0.02054778
-0.4274225
0.05422679
-0.5166478
0.3456283
-0.5959323
0.1071941
-0.2809538
-0.3884594
-0.1325854
-0.7985302
0.6420212
-0.6334078
0.4118328
-0.7362292
0.01054563
0.001019441
-0.7130038
0.8620154
-0.8899522
0.7929052
-0.5844893
0.2939888
0.0378103
-0.3642896
0.6396096
-0.8250938
0.8947015
-0.8386478
0.6648147
-0.3976056
0.074559
0.06578084
-0.9441536
0.7676178
-0.9477386
0.6232973
-0.8991472
0.01886992
-0.1170673
-0.5808843
-0.2256468
-0.6306947
0.01087845
-0.7101327
1.164319
-1.331457
0.1865974
-0.2492948
-0.1443658
0.2049232
-1.240867
1.101786
-1.484021
0.9046504
-0.4890545
0.06898361
-0.02959507
-0.5010682
0.6546022
-1.118322
0.7526072
-1.052168
0.5454916
-0.8012034
0.1806261
0.007084599
-0.5727035
0.2577194
-1.074419
0.4464647
-1.404054
0.6654088
-0.9126897
0.1818151
0.1326904
-0.8959492
0.5566769
-1.370425
0.9996784
-1.456918
0.4888366
-0.4352755
-0.6395363
0.5128312
-0.93268
0.9397455
-1.10007
0.7300562
-0.7220382
0.3302236
-0.1675171
-0.2024825
0.5440397
-0.8091964
0.9606972
-0.977282
0.8565947
-0.6156222
0.2881552
0.07975073
-0.436471
0.5588278
-1.271092
0.8889086
-1.140633
0.4822155
-0.4252163
-0.2854137
0.2970555
-0.7628971
0.550396
-1.090309
0.5751638
-0.5565167
0.2124855
-0.1706561
-0.6261912
0.2911333
-0.6501722
0.2008598
-0.2875844
-0.07549829
-0.2074086
-0.01747465
-0.4747566
-0.2041218
0.1403279
-0.3010345
0.02014486
-0.5177645
0.0901368
-0.3554799
-0.1265846
-0.03135767
-0.3665921
0.1003522
-0.1243769
-0.1075962
-0.5966186
0.0778484
-0.004849652
-0.149071
-0.1028488
-0.493315
0.04904221
-0.2024985
-0.1921634
0.1189995
-0.1055252
-0.2065305
0.04381201
-0.3833018
0.2465674
0.01210456
-0.03773709
0.3553763
-0.1840237
0.3448825
-0.3121293
0.3861974
0.1016542
0.01163418
0.2368177
-0.3087777
0.4830203
0.04862694
0.343993
-0.2566643
0.2084735
0.2275462
0.1442884
0.4093939
-0.3373128
0.6993949
-0.399924
0.5425347
-0.05846036
-0.01666971
0.7054784
-0.3369059
0.546252
-0.464157
0.6627276
-0.09154546
0.247053
0.108748
-0.1000066
0.7462438
-0.6767725
0.7883518
-0.3970726
0.4230565
0.3359512
-0.1874492
0.4785711
-0.495698
0.7767211
-0.2954717
0.4866717
-0.01690407
0.1287679
0.3016697
-0.2264945
0.6321868
-0.5602582
0.8527264
-0.3767602
0.5497738
-0.1907146
-0.002612006
0.4560454
-0.2783453
0.8758584
-0.7730579
1.1188
-0.8620884
0.8022943
-0.1347195
-0.1761255
1.017171
-0.8531662
1.130818
-1.057322
1.146076
-0.4645822
0.3839464
0.3030479
-0.4029382
0.9347732
-0.9039091
1.224173
-1.132201
1.066859
-0.134789
0.07621456
0.3542366
-0.6723108
1.075171
-1.205212
1.166036
-0.9630078
0.6247682
-0.1987379
-0.1361618
0.7921356
-0.9252895
1.444221
-1.231022
1.35611
-0.8825029
0.5763434
0.2649487
-0.6641222
1.591133
-1.558616
1.705211
-1.436247
1.193133
-0.4448784
-0.08955869
0.7802074
-1.139562
1.676144
-1.638702
1.647545
-1.258362
0.9113665
-0.04697964
-0.3846565
1.04169
-1.388205
1.706947
-1.514093
1.539294
-1.073959
0.6722015
0.1500173
-0.6238386
1.277367
-1.590224
1.946043
-1.550791
1.31249
-0.7255452
0.2491948
0.6314663
-1.011021
1.457754
-1.483358
2.028935
-1.44954
1.183546
-0.5447161
0.04304812
1.289297
-1.414551
1.75611
-1.74375
1.897539
-1.067511
0.8933456
-0.08049278
-0.3422463
1.326576
-1.512891
1.986707
-1.930625
1.905061
-0.9629463
0.4872112
0.3640584
-0.766462
1.652025
-1.717942
2.033996
-1.661151
1.73671
-0.8819078
0.2019182
0.7913849
-1.279885
2.360933
-2.149694
2.02505
-1.515589
1.178114
-0.1032843
-0.4172886
1.451604
-1.711703
2.302337
-2.045159
1.831243
-1.170779
0.764331
0.4471172
-1.034705
1.764307
-1.873639
2.178962
-1.803245
1.721485
-0.8365722
0.3771102
0.5999844
-1.124809
1.945272
-2.123483
2.632611
-2.047769
1.6266
-0.6988028
0.03350941
1.172816
-1.680715
2.48941
-2.460049
2.441084
-1.765615
1.191376
-0.1840652
-0.5001565
1.733046
-2.024565
2.475658
-2.318453
2.10131
-1.155437
0.7332485
0.2286167
-0.8163012
1.80791
-2.025625
2.384698
-2.151176
2.040854
-0.8822322
0.1959508
0.7789263
-1.391811
1.980615
-2.29124
2.280146
-1.948713
1.343658
-0.5498238
-0.3211731
1.147113
-1.811905
2.2222
-2.320465
2.092808
-1.57116
0.828905
0.02980852
-0.884267
1.654532
-1.998262
2.367352
-2.169624
1.973167
-1.118942
0.2614824
0.711447
-1.28061
2.047801
-2.296448
2.567111
-1.97936
1.511358
-0.3655998
-0.3528862
1.487194
-1.973763
2.657972
-2.378438
2.163843
-1.026594
0.5146132
0.380699
-1.06344
2.21083
-2.284143
2.503214
-1.761212
1.529769
-0.6204131
0.1470333
0.9471328
-1.528881
2.13603
-2.055134
2.28806
-1.780355
1.513138
-0.3638193
-0.5369713
1.515748
-1.689975
2.362476
-2.253694
2.336309
-1.587502
0.9079829
0.4425945
-1.118847
1.854541
-2.179696
2.777552
-2.265664
1.839622
-0.7182131
0.03932754
0.9417469
-1.499497
2.346131
-2.303595
2.37077
-1.53873
1.194652
-0.2526051
-0.1628473
1.254256
-1.887079
2.399572
-2.086206
1.975591
-1.297885
0.9920323
0.1419978
-0.869261
1.784514
-2.096355
2.521164
-2.173993
2.067602
-0.9918154
0.1186182
1.104469
-1.640088
2.217856
-2.344523
2.644031
-2.006541
1.425896
-0.1105417
-0.5558779
1.517207
-1.966654
2.414092
-2.318123
2.138912
-1.258821
0.6997626
0.2616966
-0.7889122
1.699421
-2.171624
2.441192
-1.973184
1.718681
-0.9897945
0.2879796
0.7126084
-1.417141
2.112414
-2.316034
2.383975
-1.922609
1.445505
-0.4491409
-0.4170285
1.443259
-2.049864
2.429609
-2.403153
2.290045
-1.543456
0.770499
0.3596432
-1.129589
1.930181
-2.212227
2.491127
-2.295933
1.811278
-0.9142498
0.1346962
0.8808115
-1.411157
2.192617
-2.484564
2.520677
-1.843683
1.354191
-0.4016577
-0.3107767
1.251097
-1.829201
2.628433
-2.464167
2.194079
-1.492751
1.056544
0.1183813
-0.9453213
2.02692
-2.294736
2.535615
-2.252986
1.888888
-0.9124773
0.1637906
1.073203
-1.580988
2.220292
-2.116442
2.20135
-1.805044
1.274224
-0.1053605
-0.5076953
1.369683
-1.693283
2.209133
-2.12353
2.075341
-1.390827
0.8464486
0.160923
-0.6958088
1.692228
-2.165189
2.621012
-2.261594
1.808997
-0.9873443
0.4709728
0.663476
-1.367496
2.320431
-2.399343
2.448724
-1.908003
1.321159
-0.3919146
-0.3731809
1.521197
-1.914502
2.369582
-2.059318
1.997362
-1.43783
0.7876493
0.3740273
-1.031271
1.814393
-1.915802
2.278722
-2.02401
1.806414
-0.9355934
0.09474275
0.8685343
-1.288556
2.051289
-2.205874
2.416903
-1.918085
1.258276
-0.3140164
-0.2583834
1.311561
-1.864469
2.568938
-2.398899
2.205834
-1.292184
0.7076812
0.1825307
-1.021405
1.895748
-2.152048
2.416111
-1.935273
1.686654
-0.943621
0.2728227
0.7898076
-1.34497
2.017415
-2.032752
2.183949
-1.776009
1.516458
-0.5494388
-0.2949421
1.175604
-1.591589
2.156265
-2.165996
2.264384
-1.556422
0.8791856
0.07046633
-0.8082017
1.721413
-2.096373
2.564845
-2.190961
1.803959
-0.7780588
0.1220597
0.7445331
-1.407397
2.204471
-2.361959
2.355725
-1.706382
1.244172
-0.3179997
-0.3724536
1.29868
-1.762295
2.265777
-2.075033
2.060229
-1.470544
1.023083
-0.0385749
-0.8119532
1.644705
-1.875073
2.3036
-2.149854
1.973649
-1.172846
0.4425856
0.6215721
-1.365286
2.057017
-2.270549
2.529899
-1.980666
1.430271
-0.3165129
-0.3911596
1.225847
-1.795092
2.472423
-2.354686
2.132282
-1.388638
0.8027008
0.1232003
-0.8265304
1.705191
-2.209064
2.472124
-2.119995
1.803218
-1.029647
0.3777611
0.6582232
-1.46793
2.140202
-2.270456
2.34419
-1.955896
1.466797
-0.5555739
-0.3016388
1.267457
-1.902746
2.315462
-2.379983
2.198438
-1.598603
0.8412163
0.1220402
-0.9591404
1.728135
-2.189817
2.410377
-2.227791
1.776117
-1.074955
0.2228854
0.6605965
-1.451337
2.03811
-2.338622
2.310816
-1.95838
1.330792
-0.5164412
-0.3704085
1.205258
-1.870872
2.273831
-2.357427
2.10975
-1.565836
0.8020874
0.07443906
-0.9404755
1.674247
-2.173036
2.366618
-2.227866
1.775989
-1.074947
0.2228005
0.660468
-1.451262
2.038175
-2.338664
2.31073
-1.958431
1.330926
-0.5165034
-0.3705323
1.205314
-1.870884
2.273677
-2.357323
2.109763
-1.565914
0.8020251
0.07431497
-0.9404677
1.67437
-2.173094
2.366552
-2.227874
1.776181
-1.074807
0.2227562
0.6606292
-1.451151
2.038063
-2.338689
2.310792
-1.958295
1.330895
-0.5165097
-0.3703594
1.205351
-1.87093
2.273764
-2.357192
2.109832
-1.565829
0.8020733
0.07436715
-0.9402366
1.674387
-2.173164
2.366592
-2.227725
1.77619
-1.075011
0.2226781
0.6606153
-1.451283
2.03795
-2.338635
2.310789
-1.958356
1.330844
-0.5165598
-0.370404
1.205357
-1.871058
2.273662
-2.357265
2.10965
-1.565918
0.8020351
0.07433399
-0.9403663
1.674166
-2.173161
2.366691
-2.227857
1.776068
-1.075138
0.2228036
0.6606485
-1.451287
2.038078
-2.338667
2.31072
-1.95845
1.330828
-0.5165388
-0.3703994
1.205253
-1.871058
2.273856
-2.357253
2.109674
-1.565864
0.8019775
0.07441518
-0.940376
1.67416
-2.173022
2.366681
-2.227867
1.776055
-1.074915
0.2229875
0.6605645
-1.451334
2.038046
-2.338662
2.31081
-1.958306
1.330956
-0.5164771
-0.3703686
1.20527
-1.870926
2.273921
-2.357379
2.109598
-1.565822
0.8020816
0.07439016
-0.9404696
1.674283
-2.172964
2.366637
-2.227885
1.77603
-1.074948
0.2227973
0.6604394
-1.451228
2.038009
-2.338613
2.310699
-1.95849
1.330841
-0.5166593
-0.3704894
1.205191
-1.870979
2.273644
-2.357472
2.109697
-1.565815
0.8019902
0.07421184
-0.9404386
1.674319
-2.173167
2.366527
-2.227942
1.776132
-1.075007
0.2226695
0.6605717
-1.451216
2.037939
-2.338758
2.310636
-1.958353
1.330885
-0.516609
-0.370466
1.205305
-1.870836
2.27364
-2.357305
2.109799
-1.565946
0.8019917
0.07424604
-0.9402854
1.674275
-2.173193
2.366602
-2.227886
1.776152
-1.07508
0.2227729
0.660611
-1.451326
2.037999
-2.338691
2.310807
-1.958302
1.330878
-0.5166134
-0.3703918
1.205395
-1.871043
2.273607
-2.357229
2.109675
-1.565958
0.802052
0.07435521
-0.9402986
1.674152
