0
0
0
0
0
0
0
0
0
0
0
0
-0.02113271
-0.05212931
0.0106702
-0.08346454
-0.07697874
0.01476946
-0.3729696
0.1021756
-0.156002
-0.1909734
-0.154378
-0.3708457
0.1041592
-0.5167113
-0.1195055
-0.1728484
-0.2076531
-0.5008422
-0.06174796
-0.3704993
-0.3362827
0.4407108
-0.8216689
0.1194793
-0.1034875
-0.3095712
-0.08427156
-0.6262721
0.2340101
-0.5576842
-0.1717218
-0.1301417
-0.09416858
0.1884233
-0.3428332
0.137159
-0.4076083
-0.0136266
-0.1554249
-0.1071404
-0.03708661
-0.2519709
0.01366207
-0.3193016
0.2191155
-0.3919525
0.08575582
-0.2055946
-0.2233608
-0.118078
-0.4894421
0.3967889
-0.401714
0.2697763
-0.4916956
0.03114266
-0.02921602
-0.4322016
0.5336138
-0.5600767
0.5078836
-0.3843543
0.2068473
-0.0002831541
-0.2063143
0.3839387
-0.5076366
0.560042
-0.5337889
0.4325712
-0.270597
0.07062187
0.0113758
-0.5865435
0.4697996
-0.5935953
0.3876289
-0.5817364
0.01476753
-0.09376319
-0.3563001
-0.1847094
-0.3767188
-0.03358361
-0.4368648
0.7501934
-0.8763728
0.1334043
-0.1878679
-0.06202096
0.09524927
-0.7824641
0.6959577
-0.9620253
0.5907086
-0.3291183
0.06486658
-0.05145009
-0.2935674
0.3930402
-0.70538
0.4687552
-0.6812934
0.3569674
-0.5450561
0.145397
-0.03279875
-0.3385989
0.126426
-0.6791437
0.2662775
-0.9254419
0.4473193
-0.6340778
0.157108
0.04389521
-0.554096
0.3260001
-0.8847389
0.6492944
-0.9787511
0.3436615
-0.325544
-0.390011
0.2959237
-0.5791931
0.5904341
-0.7115448
0.4779702
-0.4918528
0.2454107
-0.1515789
-0.08802203
0.3152581
-0.4982227
0.6112092
-0.6383599
0.5758456
-0.4324682
0.2283306
0.007853521
-0.2429457
0.3251199
-0.8204812
0.5724028
-0.7642658
0.3338212
-0.3157398
-0.1545511
0.1500157
-0.4655354
0.3218895
-0.7043518
0.3665028
-0.3744369
0.1592731
-0.1507951
-0.384314
0.1441834
-0.3914395
0.08729485
-0.1607827
-0.07185043
-0.1457757
0.01124477
-0.3714669
-0.08692921
0.03815306
-0.153301
-0.03078505
-0.3331573
0.05696333
-0.2638542
-0.0523076
-0.07226855
-0.1976591
0.01228895
-0.03738714
-0.1095466
-0.4029859
0.06282981
-0.03268979
-0.05819564
-0.128697
-0.2867278
-0.01883327
-0.1018977
-0.1567403
0.08416503
-0.05340259
-0.1845241
0.08317667
-0.3283626
0.229895
-0.03743304
0.002795282
0.2418827
-0.1425107
0.2762321
-0.2684176
0.3294244
0.01477899
0.05844736
0.1315704
-0.2014871
0.3464062
0.009876665
0.2862763
-0.2355792
0.2051492
0.1087505
0.1443098
0.2669331
-0.2359506
0.5147557
-0.3199039
0.4350862
-0.09662486
0.0425141
0.4574216
-0.2085968
0.3772726
-0.3395144
0.5013787
-0.1084313
0.2300241
0.02215086
-0.02090356
0.4962606
-0.4636278
0.5640617
-0.3037649
0.3408101
0.191453
-0.07802245
0.2888327
-0.310315
0.5282848
-0.2014071
0.3610211
-0.04249621
0.1393705
0.1617789
-0.1057781
0.4053338
-0.3666392
0.5969459
-0.2739885
0.4204224
-0.1782989
0.05051729
0.2732149
-0.1473394
0.5915645
-0.5334837
0.8050026
-0.6397523
0.61567
-0.1451292
-0.07229873
0.6835649
-0.5709247
0.7871763
-0.7527204
0.8391092
-0.3630351
0.322346
0.167128
-0.2352467
0.6274852
-0.616179
0.8681135
-0.8220791
0.7965471
-0.1340757
0.1068154
0.2003782
-0.4335142
0.7371543
-0.847848
0.8394957
-0.7131835
0.4867333
-0.1918937
-0.04224822
0.5209532
-0.6232099
1.017775
-0.8791282
0.9939015
-0.6677952
0.4628654
0.142376
-0.4283774
1.113236
-1.0974
1.221845
-1.044427
0.8887284
-0.3581707
-0.01790002
0.5166662
-0.7784217
1.181073
-1.166568
1.193501
-0.9289286
0.6966169
-0.07695211
-0.2268221
0.7067081
-0.9651375
1.212568
-1.087154
1.130044
-0.8095838
0.5353565
0.05733681
-0.3976904
0.8818244
-1.121551
1.402839
-1.129855
0.978516
-0.5667868
0.2345246
0.4073722
-0.6829354
1.019495
-1.050569
1.480379
-1.071748
0.9008278
-0.4480841
0.09299722
0.8950064
-0.9856706
1.250225
-1.25846
1.399346
-0.8033531
0.701741
-0.1145219
-0.1860388
0.9204057
-1.063902
1.435492
-1.415874
1.425378
-0.7441444
0.4133184
0.2078992
-0.4989416
1.167318
-1.226552
1.485874
-1.230815
1.319748
-0.7025572
0.2133984
0.5220031
-0.885057
1.71052
-1.565542
1.496191
-1.140341
0.917085
-0.129688
-0.2427712
1.017118
-1.213971
1.675573
-1.501944
1.369523
-0.9001693
0.6239237
0.2728627
-0.7026241
1.253357
-1.343267
1.595778
-1.337118
1.309414
-0.6678498
0.3483282
0.3762631
-0.7660148
1.395986
-1.546715
1.963005
-1.547543
1.261246
-0.5841054
0.1020472
0.8066959
-1.191647
1.822242
-1.820994
1.838044
-1.355373
0.9513851
-0.2088854
-0.2939128
1.232799
-1.460121
1.825054
-1.732494
1.601857
-0.9112623
0.6227938
0.09085577
-0.5271977
1.290672
-1.470508
1.773472
-1.627757
1.582948
-0.7255496
0.2284886
0.5031372
-0.9681964
1.430309
-1.691536
1.715245
-1.497987
1.070382
-0.4924063
-0.1546911
0.780094
-1.29591
1.629704
-1.734661
1.595975
-1.233101
0.6970738
-0.06312361
-0.5796527
1.172225
-1.448605
1.760479
-1.641998
1.532026
-0.9093009
0.2792649
0.4515859
-0.8813138
1.483012
-1.69558
1.939835
-1.521639
1.20146
-0.3477307
-0.1795169
1.046397
-1.422015
1.970466
-1.778748
1.650548
-0.8045235
0.45013
0.2120378
-0.7193282
1.608404
-1.67093
1.865993
-1.319213
1.183985
-0.5176196
0.1907478
0.6360132
-1.074358
1.551166
-1.504053
1.721053
-1.365306
1.205126
-0.3468016
-0.3234381
1.069478
-1.197652
1.739299
-1.68106
1.78859
-1.246512
0.7608211
0.2622255
-0.7633777
1.329009
-1.589027
2.084773
-1.716956
1.428627
-0.5928456
0.1052036
0.6328565
-1.050838
1.718106
-1.699314
1.786349
-1.172229
0.9535385
-0.2585504
-0.02535336
0.8621545
-1.352872
1.768844
-1.546927
1.502907
-1.016856
0.829907
0.02316136
-0.5642246
1.273528
-1.522249
1.882456
-1.644403
1.611766
-0.8100123
0.1678903
0.7643192
-1.163287
1.616989
-1.731851
2.005432
-1.544374
1.137746
-0.1430615
-0.3390812
1.072735
-1.416079
1.780574
-1.731029
1.632909
-0.9839444
0.5966017
0.1189043
-0.4982816
1.204883
-1.581699
1.818691
-1.482772
1.333372
-0.8091429
0.3049909
0.4500221
-0.983955
1.532586
-1.708801
1.797833
-1.477525
1.154775
-0.414729
-0.2275812
1.014384
-1.483581
1.793706
-1.799426
1.75508
-1.212224
0.6530772
0.1991201
-0.7728693
1.391236
-1.613954
1.858979
-1.742304
1.407655
-0.7473142
0.1812479
0.5861983
-0.9783192
1.597372
-1.844794
1.908642
-1.413114
1.081414
-0.3763163
-0.1408736
0.8588706
-1.304669
1.955746
-1.848957
1.677877
-1.171043
0.885929
0.003932367
-0.623521
1.470955
-1.680907
1.895393
-1.707362
1.470982
-0.7452214
0.2049622
0.7434995
-1.115698
1.619691
-1.54425
1.648643
-1.381001
1.016578
-0.1344261
-0.300409
0.954804
-1.192231
1.613901
-1.570707
1.58148
-1.087914
0.7160496
0.03809195
-0.4185429
1.198233
-1.575459
1.966608
-1.715061
1.40668
-0.8064433
0.456993
0.4093623
-0.9414789
1.70327
-1.775868
1.851563
-1.465007
1.054955
-0.3679608
-0.19061
1.080215
-1.373266
1.745399
-1.516632
1.517132
-1.125887
0.6681173
0.213457
-0.6929848
1.298148
-1.369333
1.68541
-1.519442
1.405075
-0.7638472
0.1484891
0.5777523
-0.8752828
1.482058
-1.616464
1.826223
-1.473536
1.003501
-0.3035175
-0.09541634
0.9082791
-1.332279
1.910969
-1.796402
1.689243
-1.004972
0.60215
0.05604826
-0.6851233
1.366099
-1.563879
1.798861
-1.445165
1.306243
-0.770339
0.2960119
0.5130047
-0.9211518
1.453947
-1.47243
1.633793
-1.356155
1.218387
-0.4987901
-0.1248591
0.7955292
-1.105512
1.569673
-1.603725
1.739206
-1.224275
0.7448677
-0.03685285
-0.508141
1.222284
-1.5179
1.923354
-1.657114
1.403594
-0.6317096
0.1704751
0.476007
-0.9729453
1.609941
-1.745665
1.776353
-1.296987
0.9916688
-0.3056207
-0.1892759
0.8981847
-1.246958
1.660682
-1.527024
1.569476
-1.152792
0.8657635
-0.128239
-0.5107186
1.158463
-1.332807
1.706169
-1.623282
1.546419
-0.9614178
0.4384887
0.3736487
-0.93793
1.487628
-1.669705
1.922972
-1.526142
1.147296
-0.3032957
-0.2053333
0.8378217
-1.274349
1.83422
-1.760547
1.629387
-1.083231
0.6811567
0.0075299
-0.522583
1.209248
-1.612309
1.847316
-1.597521
1.403524
-0.8411548
0.384726
0.4043497
-1.023989
1.557654
-1.669281
1.76741
-1.505464
1.178538
-0.5040174
-0.1300093
0.8730284
-1.36483
1.702599
-1.781868
1.685301
-1.259587
0.7135053
0.006837435
-0.6341763
1.228693
-1.596092
1.79543
-1.688041
1.380557
-0.8791736
0.2543438
0.4062583
-1.009855
1.471506
-1.726501
1.739084
-1.507386
1.063894
-0.4710937
-0.1878769
0.8204504
-1.337837
1.667381
-1.762759
1.610418
-1.231967
0.6805255
-0.0334502
-0.6183244
1.183123
-1.581877
1.758435
-1.688079
1.380481
-0.8791753
0.2542928
0.4061791
-1.009797
1.471557
-1.726528
1.739031
-1.507415
1.063981
-0.47113
-0.1879468
0.8204892
-1.337842
1.667274
-1.762688
1.610439
-1.23202
0.6804913
-0.03352241
-0.6183171
1.183211
-1.581909
1.758396
-1.688082
1.380601
-0.8790821
0.2542699
0.4062837
-1.009727
1.471478
-1.726548
1.739079
-1.507326
1.063954
-0.4711301
-0.1878364
0.8205054
-1.337872
1.667331
-1.762592
1.610478
-1.231971
0.6805263
-0.03349791
-0.6181692
1.183215
-1.581972
1.758418
-1.687993
1.3806
-0.8792131
0.2542076
0.4062645
-1.009817
1.471395
-1.726509
1.739074
-1.507375
1.063924
-0.4711614
-0.1878751
0.8205075
-1.337952
1.667264
-1.762643
1.610346
-1.232022
0.6805074
-0.03352386
-0.6182522
1.183069
-1.581959
1.758499
-1.688079
1.380527
-0.8792962
0.2542986
0.406295
-1.009817
1.47149
-1.726527
1.739021
-1.507439
1.063924
-0.4711483
-0.1878709
0.8204468
-1.337952
1.66739
-1.762637
1.610373
-1.231983
0.680458
-0.03346634
-0.6182547
1.183061
-1.58186
1.758475
-1.688094
1.380516
-0.879151
0.2544166
0.406233
-1.009848
1.471463
-1.726527
1.739083
-1.50733
1.064007
-0.4711213
-0.187844
0.8204589
-1.337871
1.667438
-1.762725
1.610316
-1.231959
0.6805254
-0.03348266
-0.6183226
1.183145
-1.581823
1.758444
-1.688093
1.380508
-0.8791783
0.2542905
0.4061564
-1.009776
1.471434
-1.726495
1.739014
-1.507456
1.063923
-0.471238
-0.1879165
0.8204003
-1.337905
1.667251
-1.762781
1.610396
-1.231953
0.6804734
-0.03359854
-0.6182978
1.18318
-1.581963
1.758381
-1.688126
1.38057
-0.8792161
0.2542096
0.4062448
-1.009768
1.471391
-1.726594
1.738962
-1.507368
1.063949
-0.4711958
-0.1879086
0.8204703
-1.337803
1.667252
-1.762671
1.610451
-1.232051
0.6804718
-0.03358243
-0.6181964
1.183137
-1.581992
1.75843
-1.688096
1.380573
-0.8792694
0.2542795
0.4062632
-1.00985
1.471434
-1.726549
1.739084
-1.507337
1.063949
-0.4711999
-0.1878623
0.8205399
-1.337947
1.667222
-1.762618
1.610361
-1.232051
0.6805146
-0.03350763
-0.6181996
1.183054
