0
0
0
0
0
0
0
0
0
0
0
0
-0.01449663
-0.03575926
0.01045225
-0.06007792
-0.0508621
0.01485185
-0.2648678
0.08632741
-0.1228276
-0.1169494
-0.1141077
-0.2494187
0.07652751
-0.3676912
-0.05979649
-0.1408239
-0.1195807
-0.3641959
-0.0214159
-0.2713775
-0.2195012
0.3028971
-0.5773374
0.1027435
-0.09289916
-0.1933044
-0.073214
-0.4214427
0.1615826
-0.3932438
-0.1016817
-0.1088857
-0.04457541
0.1115547
-0.222553
0.08697234
-0.2812113
-0.002498055
-0.1194746
-0.0587369
-0.04271728
-0.1578227
-0.004480336
-0.212265
0.1502748
-0.2777187
0.07240995
-0.1603097
-0.1345271
-0.1037217
-0.3210191
0.2633485
-0.2744243
0.1910893
-0.3530035
0.03986199
-0.04170362
-0.2790087
0.3534959
-0.3783318
0.3500361
-0.2725746
0.1568338
-0.01906149
-0.121383
0.2447823
-0.3337997
0.3759386
-0.3652764
0.3033156
-0.1987525
0.06627819
-0.01458689
-0.3876854
0.3069578
-0.3982801
0.2598792
-0.4045373
0.01527516
-0.0792583
-0.2308193
-0.1537072
-0.2392252
-0.04833521
-0.2884557
0.5179427
-0.6168759
0.1032478
-0.1490901
-0.02098547
0.04128274
-0.5269182
0.4708693
-0.6670173
0.4141254
-0.2385918
0.06077297
-0.05805703
-0.1819082
0.2519001
-0.4760385
0.3142234
-0.4729038
0.252046
-0.3952744
0.1205549
-0.04733361
-0.2130567
0.063145
-0.4597684
0.1725595
-0.6510459
0.3219717
-0.4663658
0.1347999
0.003307683
-0.3658997
0.2052607
-0.6105636
0.4521951
-0.6996363
0.2572281
-0.2539063
-0.2518688
0.1815197
-0.385031
0.3982195
-0.4930456
0.3363853
-0.3573038
0.1913912
-0.1325972
-0.03375169
0.1953585
-0.3295321
0.4174208
-0.446689
0.413214
-0.3217141
0.1850143
-0.02234583
-0.1434691
0.2033709
-0.5659852
0.3959991
-0.5456208
0.2468464
-0.2447384
-0.08616342
0.07752233
-0.3044842
0.2035587
-0.4872142
0.2528253
-0.2699946
0.1257727
-0.129735
-0.2512436
0.07404692
-0.2542857
0.03832128
-0.09954239
-0.05914191
-0.1101961
0.02314746
-0.2940763
-0.03367968
-0.002853068
-0.08397131
-0.04327896
-0.2317376
0.04183552
-0.2038621
-0.01719211
-0.0800972
-0.1141865
-0.01969076
-0.003950128
-0.09491681
-0.290536
0.05345349
-0.04159883
-0.01717881
-0.1238306
-0.1804145
-0.03920428
-0.0567811
-0.1230342
0.05907135
-0.02610814
-0.1571535
0.08841866
-0.2706646
0.1962295
-0.0486805
0.01425533
0.1763746
-0.1138569
0.2219167
-0.2229931
0.2712519
-0.01689213
0.06655374
0.08135006
-0.1427027
0.2603213
-0.007084884
0.2340143
-0.2011989
0.1795437
0.05560518
0.1253264
0.1881845
-0.1753005
0.3918462
-0.255868
0.3469916
-0.09828512
0.05701291
0.3187422
-0.1414702
0.2762181
-0.2581978
0.3876447
-0.1024281
0.1970213
-0.009840153
0.007573093
0.3526505
-0.3368417
0.4213956
-0.2370064
0.2729639
0.1182412
-0.03103532
0.1896513
-0.2106072
0.3811938
-0.1465855
0.2762372
-0.04747626
0.1271786
0.09415847
-0.05207335
0.2799784
-0.2576902
0.4393277
-0.207408
0.326949
-0.15336
0.06271042
0.1785022
-0.08596973
0.4250092
-0.3893042
0.602834
-0.4882268
0.4786618
-0.1311208
-0.02889258
0.4889511
-0.4075315
0.5770252
-0.5599008
0.6348521
-0.2853578
0.2627515
0.1012753
-0.1507553
0.4487762
-0.4456016
0.6441176
-0.6189873
0.6097124
-0.1178201
0.1041777
0.1246953
-0.30132
0.5350242
-0.6258588
0.6288127
-0.5434152
0.3817138
-0.1663828
-0.005783417
0.3672953
-0.4468262
0.7519633
-0.6548871
0.7521964
-0.5147114
0.3683245
0.08482189
-0.298238
0.8191476
-0.8104119
0.9121208
-0.7864971
0.6787084
-0.2849408
0.007398478
0.3667779
-0.5639356
0.8729007
-0.867429
0.8969466
-0.7057591
0.5398412
-0.07674146
-0.1473297
0.5098665
-0.7073155
0.9008038
-0.8126778
0.8562863
-0.6227552
0.4243466
0.02016347
-0.2745384
0.6435126
-0.8295289
1.051882
-0.8521731
0.7481105
-0.4444999
0.2006975
0.2840922
-0.4911616
0.7500716
-0.7787279
1.118454
-0.8154975
0.6971122
-0.3610494
0.09806538
0.6565315
-0.7237691
0.9304217
-0.9441172
1.063964
-0.6171123
0.552613
-0.1113083
-0.1116405
0.6744735
-0.7856694
1.078571
-1.073186
1.093544
-0.5805489
0.3383243
0.1314249
-0.3495155
0.8654308
-0.9144768
1.123912
-0.93828
1.02194
-0.5577304
0.1912809
0.3700064
-0.6468972
1.288915
-1.182136
1.139253
-0.8769708
0.7192647
-0.1216351
-0.1557532
0.7508324
-0.9018232
1.265345
-1.139467
1.050194
-0.7005831
0.5019249
0.1831936
-0.5078897
0.9327964
-1.004266
1.209201
-1.019877
1.014591
-0.5304925
0.2971165
0.2567355
-0.5539087
1.045562
-1.168537
1.505558
-1.195344
0.988807
-0.4758553
0.1133417
0.5885924
-0.8857129
1.382598
-1.390149
1.417718
-1.056414
0.7581476
-0.1922821
-0.1890627
0.9192768
-1.096911
1.390182
-1.329917
1.244496
-0.7205102
0.5128769
0.03296462
-0.3656868
0.9632931
-1.10837
1.357795
-1.258982
1.24341
-0.587256
0.2136169
0.3499474
-0.7096435
1.074826
-1.289053
1.322269
-1.169735
0.8529404
-0.416327
-0.07873467
0.5627573
-0.967729
1.23677
-1.332149
1.240422
-0.9744536
0.5716467
-0.08854175
-0.4069736
0.8701105
-1.090665
1.347885
-1.270233
1.204278
-0.7325179
0.253682
0.3097836
-0.6406153
1.116884
-1.29227
1.500998
-1.188336
0.9570912
-0.3008896
-0.09849154
0.7746747
-1.067608
1.507515
-1.366217
1.282999
-0.6318289
0.3744991
0.1307213
-0.5176947
1.217504
-1.266491
1.431093
-1.011266
0.9265826
-0.4199185
0.1840018
0.4563909
-0.7933657
1.170415
-1.138139
1.326622
-1.063558
0.9614182
-0.300374
-0.2129682
0.7935972
-0.8877563
1.323851
-1.288615
1.394934
-0.985383
0.6233952
0.1719462
-0.5533284
0.9950486
-1.201401
1.607916
-1.329616
1.122529
-0.4788099
0.1149917
0.4546715
-0.7743759
1.30496
-1.294005
1.378922
-0.9073378
0.7597937
-0.2294198
0.02764129
0.6269544
-1.011885
1.34772
-1.179957
1.165498
-0.8008383
0.6806546
-0.0208106
-0.392374
0.9504654
-1.147254
1.445919
-1.271389
1.271332
-0.6534668
0.165199
0.5620999
-0.8654953
1.224076
-1.320205
1.556619
-1.207207
0.9082875
-0.1345133
-0.2260791
0.7976798
-1.06279
1.357264
-1.32806
1.270303
-0.7730482
0.4920121
0.05673397
-0.3379028
0.8945424
-1.194951
1.394477
-1.139933
1.046478
-0.6533874
0.277364
0.3069834
-0.7196108
1.15571
-1.301406
1.388826
-1.153331
0.9230334
-0.3550613
-0.1355261
0.751034
-1.118114
1.36841
-1.383671
1.37005
-0.9581957
0.537563
0.1230627
-0.5616929
1.046657
-1.220901
1.427305
-1.350926
1.106673
-0.6022743
0.1763398
0.4184091
-0.714476
1.208627
-1.41234
1.479563
-1.100286
0.8634329
-0.3236782
-0.06412552
0.6238709
-0.9716333
1.501727
-1.424316
1.307293
-0.9244826
0.7289355
-0.03650118
-0.4394467
1.112839
-1.275785
1.457404
-1.322251
1.158854
-0.6001524
0.1959102
0.5480349
-0.8266585
1.226713
-1.164693
1.265857
-1.073475
0.8103866
-0.1245374
-0.1945589
0.7021473
-0.877898
1.220403
-1.194988
1.228263
-0.8560819
0.5901812
-0.008805693
-0.2696903
0.8885816
-1.189192
1.517108
-1.329085
1.106558
-0.6506641
0.4043595
0.2731249
-0.683302
1.296911
-1.355999
1.433691
-1.142641
0.8420493
-0.3165726
-0.1041789
0.8066894
-1.027304
1.329063
-1.149265
1.17477
-0.8870743
0.5507666
0.1365805
-0.4960484
0.9708938
-1.017519
1.284212
-1.166779
1.105578
-0.6153408
0.1493425
0.4124456
-0.6274655
1.113612
-1.223643
1.413253
-1.149868
0.7995569
-0.2628902
-0.02473251
0.6645492
-0.9934866
1.467464
-1.3815
1.31788
-0.7860294
0.4959376
0.006190945
-0.4897479
1.027997
-1.178964
1.378587
-1.104302
1.023465
-0.6206726
0.2723863
0.3588228
-0.6651424
1.09018
-1.103134
1.25326
-1.052274
0.9795525
-0.4259497
-0.04867436
0.5704321
-0.8039012
1.183292
-1.22108
1.360674
-0.9692749
0.6154362
-0.0713461
-0.3418995
0.9085159
-1.140741
1.483344
-1.281141
1.104742
-0.5039447
0.1671956
0.3283288
-0.7083844
1.221013
-1.331325
1.372247
-1.001768
0.7895833
-0.2637734
-0.1025563
0.6565583
-0.9218575
1.25939
-1.156117
1.21869
-0.9094318
0.7175356
-0.1483261
-0.3436712
0.8551167
-0.9851356
1.301723
-1.253166
1.225558
-0.7808923
0.3925352
0.2426219
-0.679118
1.118908
-1.267851
1.496274
-1.194297
0.9204355
-0.2610157
-0.1163649
0.6061957
-0.9448566
1.405813
-1.352174
1.268767
-0.8500902
0.5620317
-0.03380297
-0.3534203
0.8979589
-1.22026
1.420503
-1.230859
1.105089
-0.6793538
0.3476258
0.2684945
-0.7516453
1.17813
-1.267239
1.365287
-1.176942
0.9472213
-0.4303709
-0.05271192
0.6361287
-1.021286
1.294896
-1.370245
1.316197
-0.9989409
0.589313
-0.03415114
-0.4477725
0.9145079
-1.20654
1.376714
-1.307252
1.085559
-0.7114206
0.2373741
0.2700341
-0.7395685
1.105132
-1.31551
1.341163
-1.178449
0.8501518
-0.4025428
-0.1016239
0.5914942
-0.9983359
1.264984
-1.353998
1.252724
-0.975574
0.5614162
-0.06838851
-0.4342609
0.8758113
-1.194453
1.345306
-1.307269
1.085514
-0.7114252
0.2373404
0.2699784
-0.7395194
1.105176
-1.315532
1.341131
-1.178467
0.8502098
-0.402565
-0.1016656
0.5915222
-0.9983345
1.26491
-1.353939
1.252746
-0.975611
0.5613964
-0.06843438
-0.4342547
0.8758783
-1.194474
1.345286
-1.30727
1.085595
-0.711359
0.2373284
0.2700531
-0.7394732
1.105116
-1.315546
1.341164
-1.178408
0.8501904
-0.4025643
-0.1015919
0.5915314
-0.9983593
1.264947
-1.353871
1.252766
-0.9755808
0.5614204
-0.0684227
-0.4341515
0.8758772
-1.194527
1.345298
-1.30721
1.085588
-0.7114513
0.2372786
0.2700349
-0.7395362
1.105054
-1.315518
1.34116
-1.178447
0.8501704
-0.4025848
-0.1016242
0.5915304
-0.9984181
1.2649
-1.35391
1.252667
-0.9756114
0.5614127
-0.06844312
-0.434209
0.8757732
-1.194518
1.345364
-1.30727
1.085542
-0.7115064
0.2373477
0.2700599
-0.7395344
1.105127
-1.315528
1.341124
-1.178489
0.8501781
-0.4025747
-0.1016203
0.5914931
-0.998409
1.264992
-1.353904
1.252695
-0.9755787
0.5613719
-0.06839926
-0.4342068
0.8757672
-1.194442
1.345342
-1.307287
1.085538
-0.7114054
0.2374285
0.2700138
-0.739559
1.105107
-1.315533
1.341167
-1.178404
0.8502335
-0.4025644
-0.101598
0.5915022
-0.9983568
1.265025
-1.353975
1.252648
-0.9755681
0.5614171
-0.06841054
-0.4342612
0.8758259
-1.194417
1.345318
-1.307282
1.085529
-0.7114251
0.2373382
0.2699608
-0.7395061
1.105083
-1.315507
1.341121
-1.178501
0.8501678
-0.4026452
-0.101646
0.5914584
-0.998381
1.264892
-1.354009
1.252713
-0.975561
0.5613857
-0.06849226
-0.4342387
0.8758593
-1.194513
1.345277
-1.307299
1.085575
-0.7114531
0.2372841
0.2700264
-0.7395002
1.105056
-1.315579
1.341086
-1.178435
0.8501893
-0.4026087
-0.101642
0.5915054
-0.9983009
1.26489
-1.353928
1.252749
-0.9756358
0.5613835
-0.06848419
-0.4341668
0.8758184
-1.194541
1.345309
-1.307283
1.085571
-0.7114929
0.2373337
0.2700342
-0.739561
1.105083
-1.315548
1.341172
-1.178418
0.8501891
-0.402613
-0.1016133
0.5915564
-0.9984074
1.264868
-1.353889
1.252682
-0.9756336
0.5614154
-0.06843005
-0.4341703
0.8757602
