0
0
0
0
0
0
0
0
0
0
0
0
-0.012197
-0.03008655
0.01017833
-0.05178859
-0.04192864
0.01452374
-0.2269184
0.07981843
-0.1103777
-0.09220596
-0.09956693
-0.2077588
0.0666916
-0.3151655
-0.04058839
-0.1283155
-0.09049592
-0.3155206
-0.008777784
-0.2357587
-0.179794
0.255127
-0.4916426
0.09573619
-0.08790889
-0.1541079
-0.06823415
-0.3510275
0.136594
-0.3355836
-0.07820838
-0.1003334
-0.02853895
0.08597554
-0.1816433
0.07018831
-0.237303
0.00118944
-0.1063368
-0.04258747
-0.04365674
-0.1259751
-0.009714776
-0.1756083
0.1265528
-0.2375803
0.06718978
-0.1435
-0.1045434
-0.0970984
-0.2633079
0.2175857
-0.2303826
0.1635882
-0.3038619
0.04198328
-0.04479281
-0.2265854
0.2914974
-0.315466
0.2951319
-0.2333435
0.1387856
-0.02473146
-0.09279183
0.1972852
-0.2740678
0.3123607
-0.3067819
0.2581196
-0.173203
0.06396311
-0.02234615
-0.3187753
0.2510902
-0.3307476
0.2161044
-0.3425744
0.01580837
-0.07357106
-0.1873492
-0.1408357
-0.1924475
-0.05113491
-0.2376475
0.4366343
-0.5250043
0.09235132
-0.1342915
-0.0080433
0.0242889
-0.4380513
0.392741
-0.5632782
0.3520615
-0.2064784
0.05863688
-0.05883838
-0.1441451
0.2039237
-0.3964021
0.2611547
-0.3998136
0.2153177
-0.3413123
0.1104845
-0.05045706
-0.1706135
0.04337175
-0.3835828
0.1413058
-0.5536493
0.2772428
-0.4049464
0.1248768
-0.00864245
-0.3010251
0.1649863
-0.5142694
0.3829967
-0.5994136
0.2256055
-0.2263486
-0.2042262
0.1432834
-0.3181272
0.3317964
-0.4163983
0.2866241
-0.3088145
0.1708195
-0.1235193
-0.01713944
0.1553901
-0.2718197
0.3500709
-0.3791597
0.3549909
-0.2809726
0.1674789
-0.03047738
-0.110812
0.162895
-0.4765626
0.3344161
-0.4672992
0.215359
-0.2175562
-0.06356935
0.05451871
-0.2495003
0.164324
-0.4110457
0.2136451
-0.2327604
0.1130406
-0.1199987
-0.2054163
0.05228173
-0.2080572
0.02434555
-0.08016168
-0.05252137
-0.09735315
0.02622432
-0.2625988
-0.01788152
-0.01359924
-0.06264267
-0.04422572
-0.1965686
0.03713067
-0.180811
-0.006486863
-0.07942554
-0.08748677
-0.02708903
0.004467369
-0.08647578
-0.2501774
0.04979184
-0.04309316
-0.005119526
-0.1178186
-0.1452904
-0.0425208
-0.04334902
-0.1083432
0.0492173
-0.0171106
-0.1441696
0.08650386
-0.2445491
0.1791476
-0.04908137
0.01591967
0.1528845
-0.1025134
0.1993132
-0.2024254
0.2450764
-0.02427835
0.06548449
0.06557937
-0.1222887
0.2279584
-0.01188673
0.2112649
-0.184176
0.1653834
0.03986692
0.1145962
0.1607152
-0.1530934
0.3444118
-0.2291519
0.3099761
-0.09456585
0.05805735
0.2701105
-0.1188928
0.239302
-0.2270947
0.3425968
-0.09691937
0.1803157
-0.01747542
0.01414423
0.3014296
-0.2906896
0.36757
-0.210384
0.2443768
0.09423949
-0.0176721
0.1563866
-0.1765034
0.3278138
-0.1268698
0.2433123
-0.04717165
0.1189191
0.07277394
-0.03626996
0.2363349
-0.2193277
0.3808338
-0.1820597
0.2895206
-0.1406718
0.06315636
0.1469034
-0.06704391
0.3648899
-0.336473
0.5260271
-0.4290959
0.4234285
-0.121889
-0.01684745
0.4188308
-0.3489578
0.4993208
-0.4873088
0.5560181
-0.2535645
0.2363433
0.0803407
-0.1231282
0.3845241
-0.383626
0.5600327
-0.5412017
0.5363012
-0.1087109
0.09894055
0.1003838
-0.2552095
0.4611858
-0.5430768
0.5487096
-0.4772472
0.3387715
-0.1527004
0.003498465
0.3128701
-0.3832793
0.6526087
-0.570166
0.6587327
-0.4537528
0.3283233
0.06693685
-0.2528595
0.7098379
-0.7032015
0.794666
-0.6874175
0.5962394
-0.2538942
0.01313436
0.3134668
-0.4857916
0.7577003
-0.754644
0.783418
-0.6188675
0.4767464
-0.07305607
-0.1212735
0.4385562
-0.6120518
0.7834979
-0.7084635
0.7502519
-0.5485897
0.377761
0.01027025
-0.2320006
0.555989
-0.7203456
0.9181337
-0.7453593
0.6575827
-0.394217
0.1831723
0.2411455
-0.4219635
0.6500669
-0.6767558
0.9790402
-0.7155932
0.6154507
-0.3231802
0.09471778
0.5685834
-0.6268687
0.8099065
-0.8242353
0.9335077
-0.5432877
0.4908844
-0.1052693
-0.08848193
0.5838581
-0.6819751
0.9423474
-0.9406031
0.9627061
-0.5139701
0.3044596
0.1069525
-0.2971795
0.7524746
-0.7966393
0.984388
-0.824024
0.9027289
-0.4968472
0.1770368
0.3162949
-0.5594274
1.127637
-1.034744
1.000178
-0.7725464
0.6380999
-0.1137986
-0.127602
0.6519582
-0.7846509
1.107757
-0.9990329
0.9243287
-0.6197287
0.4492082
0.1533204
-0.4374523
0.8123188
-0.8757848
1.059844
-0.8958567
0.8964584
-0.4725999
0.2710452
0.2160916
-0.4770286
0.9127508
-1.023231
1.325885
-1.055152
0.877485
-0.4277086
0.110918
0.5089906
-0.7710366
1.212968
-1.222112
1.251045
-0.9355204
0.6766416
-0.1793699
-0.1549093
0.8014677
-0.9586654
1.221273
-1.171489
1.101068
-0.6411794
0.4630026
0.01727063
-0.3094453
0.8398229
-0.9696856
1.195002
-1.112087
1.104724
-0.5269551
0.2005038
0.2966674
-0.6142634
0.9393585
-1.132523
1.166657
-1.036901
0.7615385
-0.3791966
-0.056382
0.4840577
-0.8437372
1.084904
-1.173731
1.097702
-0.8674833
0.5154435
-0.09100322
-0.3461984
0.7569206
-0.9537535
1.186327
-1.122131
1.070293
-0.6565006
0.2361988
0.2610992
-0.5525765
0.9770354
-1.135406
1.326513
-1.053446
0.8546103
-0.2758278
-0.07405178
0.6735635
-0.9328454
1.326807
-1.203728
1.135377
-0.560396
0.338855
0.1052082
-0.445032
1.06767
-1.110512
1.260365
-0.8896463
0.8216053
-0.3765711
0.1742007
0.3921175
-0.6888263
1.024589
-0.996867
1.17043
-0.941697
0.8590164
-0.2754324
-0.1764331
0.6907311
-0.7715152
1.162725
-1.134432
1.236349
-0.8773068
0.5620677
0.1426365
-0.4771765
0.8687329
-1.052394
1.419621
-1.175086
0.9973223
-0.4288213
0.1120686
0.3909281
-0.6717565
1.145616
-1.136451
1.217332
-0.8009584
0.6781558
-0.2117068
0.04010762
0.5410498
-0.8827752
1.18422
-1.036514
1.030347
-0.7115963
0.6142323
-0.03078032
-0.3322376
0.8286864
-1.003567
1.274355
-1.122824
1.131622
-0.5857232
0.157072
0.4881673
-0.7539205
1.073125
-1.160005
1.377576
-1.070571
0.8116561
-0.1255667
-0.188456
0.6950066
-0.9285466
1.19283
-1.16958
1.124597
-0.6860817
0.4443229
0.03911473
-0.2827287
0.7781693
-1.046389
1.228091
-1.004158
0.9292538
-0.5859468
0.2586428
0.2579891
-0.6221772
1.011514
-1.143017
1.2265
-1.022144
0.8253477
-0.3245586
-0.1067506
0.6532332
-0.9786799
1.203093
-1.219779
1.214803
-0.8530201
0.4852636
0.09948429
-0.4850076
0.9157519
-1.069704
1.25775
-1.194612
0.9834825
-0.5394242
0.1672439
0.358894
-0.6173245
1.059398
-1.243324
1.308686
-0.9739763
0.7715638
-0.2961673
-0.04191633
0.5381304
-0.846032
1.324114
-1.256645
1.158169
-0.8225118
0.6588956
-0.04493009
-0.3743155
0.976072
-1.119445
1.28514
-1.168627
1.030896
-0.537352
0.1850542
0.4766042
-0.7187689
1.075658
-1.018365
1.114785
-0.9494916
0.7235533
-0.1153951
-0.1599252
0.6088647
-0.7604099
1.068707
-1.048313
1.086547
-0.7604297
0.5333821
-0.01997655
-0.219764
0.7725759
-1.04093
1.339795
-1.175049
0.9836898
-0.5832641
0.3747006
0.2270992
-0.5886726
1.140002
-1.192335
1.267497
-1.012294
0.7523293
-0.2896419
-0.07788905
0.7043296
-0.8962094
1.167521
-1.006298
1.037767
-0.7884554
0.4976217
0.112429
-0.4254199
0.8472921
-0.8842054
1.127741
-1.027158
0.9829347
-0.5510891
0.1427507
0.3538533
-0.5373944
0.9730707
-1.071687
1.249106
-1.018935
0.7136887
-0.2406394
-0.005313689
0.5750476
-0.8654868
1.294066
-1.217941
1.168279
-0.6960811
0.4476192
-0.00627734
-0.4197841
0.8996404
-1.031325
1.213846
-0.9698821
0.9080874
-0.5559381
0.2551329
0.3050474
-0.5715762
0.9516944
-0.9614895
1.103222
-0.9299578
0.8784263
-0.3896583
-0.02691654
0.4890552
-0.6921628
1.034751
-1.071574
1.207867
-0.863604
0.5569621
-0.0771218
-0.2846568
0.7907153
-0.9964755
1.309907
-1.131409
0.9823399
-0.4488474
0.1588468
0.2773485
-0.6110857
1.071483
-1.169999
1.2119
-0.8833143
0.7045344
-0.241079
-0.07619788
0.5679312
-0.7998765
1.104325
-1.01182
1.078013
-0.8088617
0.6507581
-0.1477479
-0.2861203
0.7418845
-0.8538564
1.143854
-1.105992
1.09342
-0.7026256
0.3654167
0.1989366
-0.5843445
0.9782004
-1.111996
1.325929
-1.059752
0.8244883
-0.2382088
-0.08898814
0.521929
-0.8209464
1.23876
-1.191409
1.123773
-0.7540757
0.5080676
-0.04260261
-0.294966
0.781217
-1.069435
1.25277
-1.085243
0.9828289
-0.6093516
0.3243613
0.2226867
-0.6509013
1.03264
-1.111327
1.205774
-1.043855
0.8492642
-0.3937029
-0.03050929
0.5495183
-0.8911691
1.136988
-1.208042
1.167427
-0.8907714
0.5331032
-0.04281283
-0.3816844
0.796473
-1.056829
1.212555
-1.155396
0.9648383
-0.6387904
0.2230312
0.2240659
-0.639746
0.9654828
-1.155647
1.183531
-1.045193
0.7599918
-0.3681344
-0.07545223
0.5084163
-0.8700163
1.109437
-1.193072
1.10903
-0.8692911
0.507466
-0.07435663
-0.3692173
0.760837
-1.04569
1.183642
-1.15541
0.9648007
-0.6387961
0.2230031
0.2240215
-0.6397034
0.96552
-1.155663
1.183507
-1.045207
0.7600414
-0.3681514
-0.07548566
0.5084396
-0.8700131
1.109376
-1.193023
1.109055
-0.8693247
0.5074514
-0.07439362
-0.3692101
0.7608976
-1.045704
1.183627
-1.155408
0.9648705
-0.6387401
0.2229951
0.224084
-0.6396638
0.965472
-1.155681
1.183534
-1.045154
0.760024
-0.3681494
-0.07542378
0.5084462
-0.8700345
1.109406
-1.192962
1.109072
-0.8693003
0.507472
-0.07438578
-0.3691245
0.760893
-1.045749
1.183634
-1.155363
0.9648618
-0.6388177
0.2229498
0.2240662
-0.6397172
0.9654146
-1.155656
1.183531
-1.045192
0.7600081
-0.368168
-0.07545345
0.5084446
-0.8700835
1.109367
-1.192997
1.108981
-0.8693249
0.507467
-0.07440428
-0.3691716
0.7608039
-1.045739
1.183695
-1.155411
0.9648249
-0.6388636
0.2230104
0.2240904
-0.6397159
0.9654763
-1.155664
1.183501
-1.045228
0.7600166
-0.3681597
-0.0754497
0.5084174
-0.8700787
1.109445
-1.192989
1.109007
-0.8692943
0.5074294
-0.07436579
-0.3691691
0.7607985
-1.045672
1.183676
-1.155427
0.9648181
-0.6387765
0.2230789
0.2240492
-0.6397371
0.9654601
-1.155667
1.183533
-1.045156
0.7600617
-0.3681532
-0.07542878
0.5084223
-0.8700355
1.109474
-1.193051
1.108967
-0.8692876
0.5074683
-0.07437569
-0.3692172
0.7608494
-1.045657
1.183651
-1.155422
0.9648147
-0.6387966
0.2230017
0.2240045
-0.6396917
0.965439
-1.155643
1.183494
-1.045233
0.7600039
-0.368221
-0.0754685
0.5083845
-0.8700531
1.109358
-1.19308
1.109024
-0.8692816
0.5074425
-0.07444482
-0.3691963
0.7608808
-1.045741
1.183617
-1.155433
0.9648502
-0.6388201
0.2229567
0.2240619
-0.6396876
0.9654172
-1.155706
1.183465
-1.045179
0.7600226
-0.3681879
-0.07546606
0.5084212
-0.869986
1.10936
-1.193012
1.109055
-0.869348
0.5074402
-0.07443877
-0.3691354
0.7608419
-1.045762
1.183646
-1.155426
0.9648468
-0.6388535
0.2229993
0.2240659
-0.6397384
0.9654428
-1.155678
1.183539
-1.045168
0.7600221
-0.3681927
-0.07544257
0.5084689
-0.8700764
1.10934
-1.192978
1.108997
-0.8693441
0.507469
-0.07439267
-0.3691373
0.7607939
