0
0
0
0.2962247
1.071751
2.030354
2.805881
3.102105
2.805881
2.030354
1.071751
0.2962243
0
0.2962251
1.071751
2.030355
2.805881
3.102105
2.805881
2.030354
1.07175
0.2962238
0
0.2962252
1.071752
2.030356
2.805881
3.102105
2.80588
2.030353
1.071749
0.2962231
0
0.296225
1.071752
2.030355
2.805882
3.102105
2.805879
2.030352
1.071748
0.2962243
0
0.2962256
1.071753
2.030356
2.805882
3.102105
2.805879
2.030354
1.07175
0.2962237
0
0.2962262
1.071754
2.030357
2.805883
3.102105
2.805878
2.03035
1.071746
0.2962214
0
0.2962251
1.071752
2.030355
2.805882
3.102105
2.805879
2.030352
1.071748
0.2962225
0
0.2962274
1.071756
2.03036
2.805884
3.102105
2.805877
2.030354
1.07175
0.2962237
0
0.2962262
1.071754
2.030358
2.805883
3.102105
2.805878
2.03035
1.071746
0.2962214
0
0.2962286
1.071758
2.030361
2.805882
3.102105
2.805879
2.030351
1.071748
0.2962225
0
0.2962274
1.071756
2.03036
2.805884
3.102105
2.805877
2.030348
1.071744
0.2962202
0
0.2962298
1.07176
2.030363
2.805887
3.102105
2.805875
2.030344
1.07174
0.2962179
0
0.2962252
1.071752
2.030356
2.805882
3.102105
2.805879
2.030351
1.071748
0.2962225
0
0.2962275
1.071756
2.03036
2.805884
3.102105
2.805877
2.030348
1.071744
0.2962201
0
0.2962298
1.07176
2.030363
2.805887
3.102105
2.805874
2.030344
1.07174
0.2962178
0
0.2962321
1.071763
2.030367
2.805882
3.102105
2.805879
2.030351
1.071748
0.2962224
0
0.2962275
1.071756
2.03036
2.805884
3.102105
2.805877
2.030348
1.071744
0.2962201
0
0.2962298
1.07176
2.030363
2.805887
3.102105
2.805874
2.030344
1.07174
0.2962178
0
0.2962322
1.071764
2.030367
2.805889
3.102105
2.805872
2.03034
1.071748
0.2962224
0
0.2962276
1.071756
2.03036
2.805884
3.102105
2.805877
2.030348
1.071744
0.29622
0
0.2962299
1.07176
2.030364
2.805887
3.102105
2.805874
2.030355
1.07174
0.2962246
0
0.2962252
1.071764
2.030356
2.805889
3.102105
2.805872
2.030351
1.071736
0.2962223
0
0.2962276
1.071767
2.03036
2.805891
3.102105
2.80587
2.030347
1.071733
0.29622
0
0.2962299
1.071771
2.030364
2.805894
3.102105
2.805867
2.030344
1.071729
0.2962177
0
0.2962323
1.071752
2.030367
2.805882
3.102105
2.805879
2.03034
1.071747
0.2962153
0
0.2962346
1.071756
2.030371
2.805884
3.102105
2.805876
2.030336
1.071744
0.2962129
0
0.2962369
1.07176
2.030375
2.805887
3.102105
2.805874
2.030333
1.07174
0.2962106
0
0.2962392
1.071764
2.030356
2.805889
3.102105
2.805872
2.030351
1.071736
0.2962222
0
0.2962277
1.071767
2.03036
2.805891
3.102105
2.80587
2.030347
1.071732
0.2962199
0
0.29623
1.071771
2.030364
2.805894
3.102105
2.805867
2.030344
1.071729
0.2962176
0
0.2962324
1.071775
2.030367
2.805896
3.102105
2.805865
2.03034
1.071747
0.2962152
0
0.2962347
1.071756
2.030371
2.805884
3.102105
2.805876
2.030336
1.071744
0.2962129
0
0.296237
1.07176
2.030375
2.805887
3.102105
2.805874
2.030332
1.07174
0.2962106
0
0.2962393
1.071764
2.030379
2.805889
3.102105
2.805872
2.030328
1.071736
0.2962082
0
0.2962278
1.071768
2.03036
2.805891
3.102105
2.80587
2.030347
1.071732
0.2962198
0
0.29623
1.071771
2.030364
2.805894
3.102105
2.805867
2.030343
1.071728
0.2962175
0
0.2962325
1.071775
2.030368
2.805896
3.102105
2.805865
2.03034
1.071725
0.2962152
0
0.2962348
1.071779
2.030371
2.805898
3.102105
2.805876
2.030336
1.071743
0.2962128
0
0.2962371
1.07176
2.030375
2.805887
3.102105
2.805874
2.030332
1.07174
0.2962105
0
0.2962394
1.071764
2.030379
2.805889
3.102105
2.805872
2.030328
1.071736
0.2962081
0
0.2962417
1.071768
2.030383
2.805892
3.102105
2.80587
2.030324
1.071732
0.2962058
0
0.2962301
1.071772
2.030386
2.80588
3.102105
2.805867
2.030321
1.071751
0.2962174
0
0.2962464
1.071753
2.030368
2.805896
3.102105
2.805879
2.030339
1.071725
0.2962011
0
0.2962349
1.071779
2.030394
2.805885
3.102105
2.805862
2.030313
1.071743
0.2962127
0
0.296251
1.07176
2.030375
2.805901
3.102105
2.805874
2.030332
1.071717
0.2962243
0
0.2962395
1.071787
2.030356
2.805889
3.102105
2.805858
2.030351
1.071736
0.2962081
0
0.2962279
1.071768
2.030383
2.805905
3.102105
2.805869
2.030324
1.071709
0.2962196
0
0.2962442
1.071794
2.030364
2.805894
3.102105
2.805853
2.030343
1.071728
0.2962033
0
0.2962326
1.071775
2.03039
2.805882
3.102105
2.805865
2.030317
1.071747
0.296215
0
0.2962488
1.071757
2.030372
2.805899
3.102105
2.805876
2.030336
1.071721
0.2961987
0
0.2962373
1.071783
2.030398
2.805887
3.102105
2.80586
2.030309
1.071739
0.2962103
0
0.2962257
1.071764
2.030379
2.805903
3.102105
2.805871
2.030328
1.071713
0.2962218
0
0.2962419
1.071791
2.03036
2.805892
3.102105
2.805856
2.030347
1.071732
0.2962056
0
0.2962303
1.071772
2.030387
2.805908
3.102105
2.805867
2.03032
1.071705
0.2962172
0
0.2962466
1.071798
2.030368
2.805896
3.102105
2.805878
2.030339
1.071724
0.2962009
0
0.2962351
1.071779
2.030394
2.805885
3.102105
2.805862
2.030313
1.071743
0.2962125
0
0.2962512
1.071761
2.030375
2.805901
3.102105
2.805874
2.030332
1.071717
0.2961963
0
0.2962397
1.071787
2.030402
2.80589
3.102105
2.805858
2.030305
1.071735
0.2962079
0
0.2962281
1.071768
2.030383
2.805906
3.102105
2.805869
2.030324
1.071709
0.2962194
0
0.2962444
1.071794
2.030364
2.805894
3.102105
2.805853
2.030343
1.071728
0.2962033
0
0.2962327
1.071776
2.030391
2.80591
3.102105
2.805865
2.030317
1.071702
0.2962148
0
0.296249
1.071802
2.030372
2.805899
3.102105
2.805876
2.030335
1.07172
0.2961985
0
0.2962374
1.071783
2.030398
2.805887
3.102105
2.80586
2.030309
1.071739
0.2962101
0
0.2962536
1.071765
2.03038
2.805903
3.102105
2.805871
2.030328
1.071713
0.2961939
0
0.2962421
1.071791
2.030406
2.805892
3.102105
2.805855
2.030346
1.071732
0.2962055
0
0.2962305
1.071772
2.030387
2.805908
3.102105
2.805867
2.03032
1.071705
0.296217
0
0.2962468
1.071798
2.030368
2.805897
3.102105
2.805851
2.030339
1.071724
0.2962008
0
0.2962351
1.07178
2.030395
2.805913
3.102105
2.805862
2.030313
1.071698
0.2962124
0
0.2962514
1.071761
2.030376
2.805901
3.102105
2.805874
2.030331
1.071716
0.2961961
0
0.2962399
1.071787
2.030402
2.80589
3.102105
2.805857
2.030305
1.071735
0.2962077
0
0.2962561
1.071769
2.030384
2.805906
3.102105
2.805869
2.030324
1.071709
0.2961914
0
0.2962445
1.071795
2.03041
2.805894
3.102105
2.805853
2.030342
1.071728
0.296203
0
0.2962329
1.071776
2.030391
2.805911
3.102105
2.805864
2.030316
1.071701
0.2962146
0
0.2962492
1.071802
2.030372
2.805899
3.102105
2.805848
2.030335
1.07172
0.2961983
0
0.2962376
1.071784
2.030398
2.805915
3.102105
2.80586
2.030309
1.071694
0.2962099
0
0.2962538
1.071765
2.03038
2.805903
3.102105
2.805871
2.030328
1.071712
0.2961937
0
0.2962423
1.071791
2.030406
2.805892
3.102105
2.805855
2.030301
1.071731
0.2962053
0
0.2962585
1.071772
2.030387
2.805908
3.102105
2.805866
2.03032
1.071705
0.296189
0
0.296247
1.071799
2.030369
2.805897
3.102105
2.80585
2.030339
1.071724
0.2962006
0
0.2962353
1.07178
2.030395
2.805913
3.102105
2.805862
2.030312
1.071697
0.2962122
0
0.2962516
1.071806
2.030376
2.805901
3.102105
2.805846
2.030331
1.071716
0.296196
0
0.29624
1.071787
2.030402
2.805918
3.102105
2.805857
2.03035
1.07169
0.2962075
0
0.2962563
1.071769
2.030429
2.805906
3.102105
2.805841
2.030324
1.071754
0.2961913
0
0.2962725
1.071795
2.030365
2.805922
3.102105
2.805881
2.030297
1.071727
0.2961751
0
0.2962331
1.071821
2.030391
2.805883
3.102105
2.805864
2.030271
1.071701
0.2962144
0
0.2962494
1.071758
2.030417
2.805899
3.102105
2.805848
2.030335
1.071675
0.2961982
0
0.2962656
1.071784
2.030354
2.805915
3.102105
2.805832
2.030308
1.071739
0.296182
0
0.2962262
1.07181
2.03038
2.805932
3.102105
2.805871
2.030282
1.071712
0.2962214
0
0.2962424
1.071836
2.030406
2.805892
3.102105
2.805855
2.030346
1.071686
0.2962051
0
0.2962587
1.071773
2.030433
2.805908
3.102105
2.805838
2.030319
1.07175
0.2961888
0
0.2962749
1.071799
2.030369
2.805925
3.102105
2.805878
2.030293
1.071723
0.2961726
0
0.2962355
1.071825
2.030395
2.805885
3.102105
2.805862
2.030267
1.071697
0.296212
0
0.2962518
1.071761
2.030421
2.805902
3.102105
2.805845
2.030331
1.071671
0.2961957
0
0.296268
1.071788
2.030358
2.805918
3.102105
2.805829
2.030304
1.071735
0.2961795
0
0.2962286
1.071814
2.030384
2.805934
3.102105
2.805869
2.030278
1.071708
0.296219
0
0.2962449
1.07184
2.03041
2.805895
3.102105
2.805852
2.030342
1.071682
0.2962027
0
0.2962611
1.071777
2.030437
2.805911
3.102105
2.805836
2.030316
1.071746
0.2961864
0
0.2962774
1.071803
2.030373
2.805927
3.102105
2.805876
2.030289
1.07172
0.2961702
0
0.2962379
1.071829
2.030399
2.805888
3.102105
2.805859
2.030353
1.071693
0.2962096
0
0.2962542
1.071765
2.030425
2.805904
3.102105
2.805843
2.030327
1.071667
0.2961934
0
0.2962705
1.071792
2.030362
2.80592
3.102105
2.805827
2.030301
1.071731
0.2961771
0
0.2962311
1.071818
2.030388
2.805937
3.102105
2.805866
2.030274
1.071704
0.2962165
0
0.2962472
1.071754
2.030414
2.805897
3.102105
2.80585
2.030338
1.071678
0.2962003
0
0.2962635
1.071781
2.03044
2.805913
3.102105
2.805834
2.030312
1.071742
0.296184
0
0.2962798
1.071807
2.030377
2.805929
3.102105
2.805873
2.030286
1.071716
0.2961677
0
0.2962404
1.071833
2.030403
2.80589
3.102105
2.805857
2.030349
1.071689
0.2962071
0
0.2962566
1.071769
2.030429
2.805906
3.102105
2.805841
2.030323
1.071663
0.2961909
0
0.2962729
1.071796
2.030365
2.805923
3.102105
2.805825
2.030297
1.071727
0.2961747
0
0.2962335
1.071822
2.030392
2.805939
3.102105
2.805864
2.03027
1.0717
0.2962141
0
0.2962497
1.071758
2.030418
2.805899
3.102105
2.805848
2.030334
1.071674
0.2961979
0
0.2962659
1.071784
2.030444
2.805916
3.102105
2.805831
2.030308
1.071738
0.2961816
0
0.2962822
1.071811
2.03038
2.805932
3.102105
2.805871
2.030282
1.071712
0.2961653
0
0.2962428
1.071837
2.030407
2.805892
3.102105
2.805854
2.030345
1.071685
0.2962047
0
0.296259
1.071773
2.030433
2.805909
3.102105
2.805838
2.030319
1.071659
0.2961885
0
0.2962753
1.0718
2.03037
2.805925
3.102105
2.805822
2.030293
1.071723
0.2961723
0
0.2962359
1.071826
2.030396
2.805941
3.102105
2.805861
2.030267
1.071697
0.2962117
0
0.2962522
1.071762
2.030422
2.805902
3.102105
2.805845
2.03033
1.07167
0.2961954
0
0.2962683
1.071788
2.030448
2.805918
3.102105
2.805829
2.030304
1.071734
0.2961792
0
0.2962846
1.071815
2.030385
2.805934
3.102105
2.805868
2.030278
1.071708
0.2961629
0
0.2962452
1.071841
2.030411
2.805895
3.102105
2.805852
2.030341
1.071681
0.2962023
0
0.2962615
1.071777
2.030437
2.805911
3.102105
2.805836
2.030315
1.071655
0.2961861
0
0.2962777
1.071803
2.030373
2.805928
3.102105
2.80582
2.030289
1.071719
0.2961699
0
0.2962383
1.07183
2.0304
2.805944
3.102105
2.805859
2.030262
1.071693
0.2962092
0
0.2962545
1.071766
2.030426
2.805904
3.102105
2.805843
2.030326
1.071666
0.296193
0
0.2962708
1.071792
2.030452
2.805921
3.102105
2.805827
2.0303
1.07173
0.2961768
0
0.296287
1.071819
2.030389
2.805937
3.102105
2.805866
2.030274
1.071704
0.2962162
0
0.2962476
1.071845
2.030415
2.805897
3.102105
2.80585
2.030337
1.071678
0.2961999
0
0.2962639
1.071781
2.030441
2.805913
3.102105
2.805833
2.030311
1.071651
0.2961836
0
0.2962802
1.071807
2.030377
2.80593
3.102105
2.805817
2.030285
1.071715
0.2961675
0
0.2962407
1.071834
2.030403
2.80589
3.102105
2.805857
2.030259
1.071689
0.2962069
0
0.296257
1.07177
2.03043
2.805907
3.102105
2.80584
2.030323
1.071662
0.2961906
0
0.2962732
1.071796
2.030456
2.805923
3.102105
2.805824
2.030296
1.071726
0.2961743
0
0.2962895
1.071822
2.030392
2.805939
3.102105
2.805864
2.03027
1.0717
0.2962137
0
0.29625
1.071849
2.030419
2.8059
3.102105
2.805847
2.030334
1.071674
0.2961975
0
0.2962663
1.071785
2.030445
2.805916
3.102105
2.805831
2.030307
1.071647
0.2961812
0
0.2962826
1.071811
2.030381
2.805932
3.102105
2.805815
2.030281
1.071711
0.296165
0
0.2962432
1.071838
2.030407
2.805893
3.102105
2.805854
2.030255
1.071685
0.2962044
0
0.2962594
1.071774
2.030434
2.805909
3.102105
2.805838
2.030318
1.071658
0.2961882
0
0.2962756
1.0718
2.03046
2.805925
3.102105
2.805822
2.030292
1.071722
0.2961719
0
0.2962919
1.071826
2.030396
2.805942
3.102105
2.805861
2.030266
1.071696
0.2962113
0
0.2962524
1.071853
2.030422
2.805902
3.102105
2.805845
2.03033
1.07167
0.2961951
0
0.2962687
1.071789
2.030449
2.805918
3.102105
2.805829
2.030303
1.071643
0.2961788
0
0.296285
1.071815
2.030385
2.805935
3.102105
2.805812
2.030277
1.071707
0.2961626
0
0.2962456
1.071841
2.030411
2.805895
3.102105
2.805852
2.030251
1.071681
0.2962019
0
0.2962618
1.071778
2.030438
2.805912
3.102105
2.805835
2.030314
1.071655
0.2961858
0
0.296278
1.071804
2.030464
2.805928
3.102105
2.805819
2.030288
1.071718
0.2961695
0
0.2962943
1.07183
2.0304
2.805944
3.102105
2.805859
2.030262
1.071692
0.2962089
0
0.2962549
1.071856
2.030426
2.805905
3.102105
2.805842
2.030326
1.071666
0.2961926
0
0.2962711
1.071793
2.030453
2.805921
3.102105
2.805826
2.030299
1.071639
0.2961764
0
0.2962874
1.071819
2.030389
2.805937
3.102105
2.80581
2.030273
1.071703
0.2961602
0
0.296248
1.071845
2.030415
2.805898
3.102105
2.805849
2.030247
1.071677
0.2961996
0
0.2962643
1.071782
2.030442
2.805914
3.102105
2.805833
2.030311
1.071651
0.2961834
0
0.2962804
1.071808
2.030468
2.80593
3.102105
2.805817
2.030284
1.071715
0.2961671
0
0.296241
1.071834
2.030404
2.805946
3.102105
2.805856
2.030258
1.071688
0.2962065
0
0.2962573
1.07186
2.030431
2.805907
3.102105
2.80584
2.030322
1.071662
0.2961902
0
0.2962736
1.071797
2.030457
2.805923
3.102105
2.805824
2.030295
1.071636
0.296174
0
0.2962898
1.071823
2.030393
2.805939
3.102105
2.805863
2.030269
1.071699
0.2961577
0
0.2962504
1.071849
2.030419
2.8059
3.102105
2.805847
2.030243
1.071673
0.2961971
0
0.2962667
1.071786
2.030445
2.805917
3.102105
2.805831
2.030307
1.071647
0.2961809
0
0.2962829
1.071812
2.030472
2.805933
3.102105
2.805815
2.030281
1.071711
0.2961647
0
0.2962435
1.071838
2.030408
2.805949
3.102105
2.805854
2.030254
1.071684
0.2962041
0
0.2962597
1.071864
2.030434
2.805909
3.102105
2.805838
2.030318
1.071658
0.2961878
0
0.296276
1.071801
2.030461
2.805926
3.102105
2.805821
2.030292
1.071632
0.2961715
0
0.2962922
1.071827
2.030397
2.805886
3.102105
2.805805
2.030265
1.071695
0.296211
0
0.2963085
1.071853
2.030423
2.805902
3.102105
2.805789
2.030239
1.071669
0.2961947
0
0.2963247
1.07188
2.030449
2.805919
3.102105
2.805884
2.030213
1.071643
0.2961785
0
0.2962297
1.071906
2.030476
2.805935
3.102105
2.805868
2.030366
1.071617
0.2961622
0
0.2962459
1.071752
2.030502
2.805951
3.102105
2.805851
2.03034
1.07159
0.296146
0
0.2962621
1.071778
2.030348
2.805968
3.102105
2.805835
2.030314
1.071744
0.2961298
0
0.2962784
1.071805
2.030375
2.805984
3.102105
2.805819
2.030288
1.071718
0.2962248
0
0.2962947
1.071831
2.030401
2.805889
3.102105
2.805803
2.030262
1.071692
0.2962085
0
0.2963109
1.071857
2.030427
2.805905
3.102105
2.805786
2.030235
1.071665
0.2961923
0
0.2963271
1.071883
2.030453
2.805921
3.102105
2.805881
2.030209
1.071639
0.2961761
0
0.2962321
1.07191
2.03048
2.805938
3.102105
2.805865
2.030363
1.071613
0.2961598
0
0.2962484
1.071756
2.030506
2.805954
3.102105
2.805849
2.030336
1.071586
0.2961436
0
0.2962645
1.071782
2.030352
2.80597
3.102105
2.805833
2.03031
1.07174
0.2961273
0
0.2962808
1.071808
2.030378
2.805986
3.102105
2.805816
2.030284
1.071714
0.2962224
0
0.2962971
1.071835
2.030405
2.805891
3.102105
2.8058
2.030257
1.071688
0.2962061
0
0.2963133
1.071861
2.030431
2.805907
3.102105
2.805784
2.030231
1.071661
0.2961899
0
0.2963295
1.071887
2.030457
2.805923
3.102105
2.805879
2.030205
1.071635
0.2961737
0
0.2962345
1.071914
2.030483
2.80594
3.102105
2.805863
2.030359
1.071609
0.2961574
0
0.2962508
1.07176
2.03051
2.805956
3.102105
2.805847
2.030333
1.071583
0.2961411
0
0.296267
1.071786
2.030356
2.805972
3.102105
2.80583
2.030306
1.071736
0.2961249
0
0.2962832
1.071812
2.030382
2.805989
3.102105
2.805814
2.03028
1.07171
0.29622
0
0.2962995
1.071839
2.030409
2.805894
3.102105
2.805798
2.030254
1.071684
0.2962037
0
0.2963158
1.071865
2.030435
2.80591
3.102105
2.805782
2.030227
1.071657
0.2961874
0
0.2963319
1.071891
2.030461
2.805926
3.102105
2.805876
2.030201
1.071631
0.2961712
0
0.2962369
1.071918
2.030487
2.805942
3.102105
2.80586
2.030355
1.071605
0.296155
0
0.2962532
1.071764
2.030514
2.805959
3.102105
2.805844
2.030329
1.071579
0.2961387
0
0.2962694
1.07179
2.03036
2.805975
3.102105
2.805828
2.030302
1.071732
0.2961226
0
0.2962856
1.071816
2.030386
2.805991
3.102105
2.805812
2.030276
1.071706
0.2962176
0
0.2963019
1.071843
2.030412
2.805896
3.102105
2.805795
2.03025
1.07168
0.2962013
0
0.2963182
1.071869
2.030439
2.805912
3.102105
2.805779
2.030223
1.071653
0.296185
0
0.2963344
1.071895
2.030465
2.805928
3.102105
2.805874
2.030197
1.071627
0.2961688
0
0.2962393
1.071921
2.030491
2.805945
3.102105
2.805858
2.030351
1.071601
0.2961526
0
0.2962556
1.071768
2.030518
2.805961
3.102105
2.805842
2.030325
1.071575
0.2961363
0
0.2962718
1.071794
2.030364
2.805977
3.102105
2.805825
2.030298
1.071728
0.29612
0
0.2962881
1.07182
2.03039
2.805882
3.102105
2.805809
2.030272
1.071702
0.2962151
0
0.2963043
1.071847
2.030416
2.805898
3.102105
2.805793
2.030246
1.071676
0.2961989
0
0.2963206
1.071873
2.030443
2.805915
3.102105
2.805777
2.03022
1.07165
0.2961826
0
0.2963368
1.071899
2.030469
2.805931
3.102105
2.805872
2.030193
1.071623
0.2961664
0
0.2962418
1.071925
2.030495
2.805947
3.102105
2.805856
2.030347
1.071597
0.2961502
0
0.296258
1.071772
2.030521
2.805964
3.102105
2.805839
2.030321
1.071571
0.2961339
0
0.2962742
1.071798
2.030368
2.80598
3.102105
2.805823
2.030294
1.071725
0.2961176
0
0.2962905
1.071824
2.030394
2.805885
3.102105
2.805807
2.030268
1.071698
0.2962127
0
0.2963068
1.07185
2.03042
2.805901
3.102105
2.805791
2.030242
1.071672
0.2961965
0
0.296323
1.071877
2.030447
2.805917
3.102105
2.805774
2.030216
1.071646
0.2961802
0
0.2963392
1.071903
2.030473
2.805933
3.102105
2.805869
2.030189
1.071619
0.2961639
0
0.2962442
1.071929
2.030499
2.80595
3.102105
2.805853
2.030343
1.071593
0.2961477
0
0.2962605
1.071775
2.030525
2.805966
3.102105
2.805837
2.030317
1.071567
0.2961315
0
0.2962767
1.071802
2.030372
2.805982
3.102105
2.805821
2.03029
1.071721
0.2961152
0
0.2962929
1.071828
2.030398
2.805887
3.102105
2.805804
2.030264
1.071694
0.2962103
0
0.2963092
1.071854
2.030424
2.805903
3.102105
2.805788
2.030238
1.071668
0.296194
0
0.2963254
1.071881
2.03045
2.805919
3.102105
2.805772
2.030212
1.071642
0.2961778
0
0.2963417
1.071907
2.030477
2.805936
3.102105
2.805867
2.030185
1.071615
0.2961616
0
0.2962466
1.071933
2.030503
2.805952
3.102105
2.805851
2.030339
1.071589
0.2961453
0
0.2962629
1.071779
2.030529
2.805968
3.102105
2.805834
2.030313
1.071563
0.2961291
0
0.296279
1.071806
2.030375
2.805984
3.102105
2.805818
2.030287
1.071717
0.2961128
0
0.2962953
1.071832
2.030402
2.80589
3.102105
2.805802
2.03026
1.07169
0.2962079
0
0.2963116
1.071858
2.030428
2.805906
3.102105
2.805786
2.030234
1.071664
0.2961916
0
0.2963279
1.071885
2.030454
2.805922
3.102105
2.805769
2.030208
1.071638
0.2961753
0
0.2962327
1.071911
2.030481
2.805938
3.102105
2.805865
2.030181
1.071612
0.2961591
0
0.296249
1.071937
2.030507
2.805954
3.102105
2.805848
2.030335
1.071585
0.2961429
0
0.2962653
1.071783
2.030533
2.805971
3.102105
2.805832
2.030309
1.071559
0.2961266
0
0.2962815
1.07181
2.03038
2.805987
3.102105
2.805816
2.030283
1.071713
0.2961104
0
0.2962977
1.071836
2.030406
2.805892
3.102105
2.8058
2.030257
1.071686
0.2962055
0
0.296314
1.071862
2.030432
2.805908
3.102105
2.805783
2.03023
1.07166
0.2961892
0
0.2963303
1.071888
2.030458
2.805924
3.102105
2.805767
2.030204
1.071634
0.2961729
0
0.2962352
1.071915
2.030485
2.805941
3.102105
2.805862
2.030178
1.071608
0.2961567
0
0.2962514
1.071941
2.030511
2.805957
3.102105
2.805846
2.030331
1.071581
0.2961405
0
0.2962677
1.071787
2.030537
2.805973
3.102105
2.80583
2.030305
1.071555
0.2961242
0
0.296284
1.071813
2.030384
2.805989
3.102105
2.805813
2.030279
1.071709
0.296108
0
0.2963002
1.07184
2.03041
2.805894
3.102105
2.805797
2.030252
1.071683
0.296203
0
0.2963164
1.071866
2.030436
2.805911
3.102105
2.805781
2.030226
1.071656
0.2961868
0
0.2963327
1.071892
2.030462
2.805927
3.102105
2.805764
2.0302
1.07163
0.2961705
0
0.2962376
1.071919
2.030488
2.805943
3.102105
2.80586
2.030174
1.071604
0.2961543
0
0.2962539
1.071945
2.030515
2.805959
3.102105
2.805843
2.030328
1.071577
0.2961381
0
0.2962701
1.071791
2.030541
2.805975
3.102105
2.805827
2.030301
1.071551
0.2961218
0
0.2962863
1.071817
2.030387
2.805992
3.102105
2.805811
2.030275
1.071705
0.2961055
0
0.2963026
1.071844
2.030414
2.805897
3.102105
2.805795
2.030248
1.071679
0.2962006
0
0.2963188
1.07187
2.03044
2.805913
3.102105
2.805779
2.030222
1.071652
0.2961844
0
0.2963351
1.071896
2.030466
2.805929
3.102105
2.805762
2.030196
1.071626
0.2961681
0
0.29624
1.071923
2.030492
2.805945
3.102105
2.805857
2.03017
1.0716
0.2961518
0
0.2962563
1.071949
2.030519
2.805962
3.102105
2.805841
2.030324
1.071573
0.2961357
0
0.2962725
1.071795
2.030545
2.805978
3.102105
2.805825
2.030297
1.071547
0.2961194
0
0.2962888
1.071821
2.030391
2.805994
3.102105
2.805809
2.030271
1.071701
0.2961031
0
0.296305
1.071848
2.030417
2.805899
3.102105
2.805792
2.030245
1.071675
0.2961982
0
0.2963213
1.071874
2.030444
2.805915
3.102105
2.805776
2.030218
1.071648
0.2961819
0
0.2963375
1.0719
2.03047
2.805932
3.102105
2.80576
2.030192
1.071622
0.2961657
0
0.2962424
1.071926
2.030496
2.805948
3.102105
2.805855
2.030166
1.071596
0.2961494
0
0.2962587
1.071953
2.030523
2.805964
3.102105
2.805838
2.030319
1.07157
0.2961332
0
0.296275
1.071799
2.030549
2.80598
3.102105
2.805822
2.030293
1.071723
0.296117
0
0.2962912
1.071825
2.030395
2.805997
3.102105
2.805806
2.030267
1.071697
0.2961007
0
0.2963074
1.071851
2.030421
2.805902
3.102105
2.80579
2.030241
1.071671
0.2961957
0
0.2963237
1.071878
2.030448
2.805918
3.102105
2.805773
2.030215
1.071645
0.2961795
0
0.29634
1.071904
2.030474
2.805934
3.102105
2.805758
2.030188
1.071618
0.2961633
0
0.2962449
1.07193
2.0305
2.80595
3.102105
2.805852
2.030162
1.071592
0.296147
0
0.2962611
1.071957
2.030527
2.805966
3.102105
2.805836
2.030316
1.071566
0.2961308
0
0.2962774
1.071803
2.030553
2.805983
3.102105
2.80582
2.030289
1.07172
0.2961146
0
0.2962937
1.071829
2.030399
2.805999
3.102105
2.805804
2.030263
1.071693
0.2960983
0
0.2963098
1.071855
2.030425
2.805904
3.102105
2.805787
2.030237
1.071667
0.2961934
0
0.2963261
1.071882
2.030452
2.80592
3.102105
2.805771
2.03021
1.071641
0.2961771
0
0.2963424
1.071908
2.030478
2.805937
3.102105
2.805755
2.030184
1.071614
0.2961608
0
0.2962473
1.071934
2.030504
2.805953
3.102105
2.80585
2.030158
1.071588
0.2961446
0
0.2962635
1.071961
2.03053
2.805969
3.102105
2.805834
2.030312
1.071562
0.2961284
0
0.2962798
1.071807
2.030557
2.805985
3.102105
2.805817
2.030286
1.071716
0.2961121
0
0.2962961
1.071833
2.030403
2.806001
3.102105
2.805801
2.030259
1.071689
0.2960959
0
0.2963122
1.071859
2.030429
2.805907
3.102105
2.805785
2.030233
1.071663
0.2961909
0
0.2963285
1.071886
2.030456
2.805923
3.102105
2.805769
2.030207
1.071637
0.2961747
0
0.2963448
1.071912
2.030482
2.805939
3.102105
2.805753
2.03018
1.07161
0.2961584
0
0.2962497
1.071938
2.030508
2.805955
3.102105
2.805848
2.030154
1.071584
0.2961422
0
0.2962659
1.071965
2.030534
2.805971
3.102105
2.805831
2.030308
1.071558
0.2961259
0
0.2962822
1.071811
2.030561
2.805988
3.102105
2.805815
2.030282
1.071712
0.2961097
0
0.2962985
1.071837
2.030407
2.806004
3.102105
2.805799
2.030255
1.071685
0.2960935
0
0.2963147
1.071863
2.030433
2.805909
3.102105
2.805783
2.030229
1.071659
0.2961884
0
0.2963309
1.07189
2.030459
2.805925
3.102105
2.805766
2.030203
1.071633
0.2961723
0
0.2963472
1.071916
2.030486
2.805941
3.102105
2.80575
2.030176
1.071607
0.296156
0
0.2962522
1.071942
2.030512
2.805958
3.102105
2.805845
2.03015
1.07158
0.2961397
0
0.2962684
1.071968
2.030538
2.805974
3.102105
2.805829
2.030304
1.071554
0.2961236
0
0.2962846
1.071815
2.030565
2.80599
3.102105
2.805813
2.030278
1.071708
0.2961073
0
0.2963009
1.071841
2.030411
2.806006
3.102105
2.805796
2.030252
1.071681
0.296091
0
0.2963171
1.071867
2.030437
2.805911
3.102105
2.80578
2.030225
1.071655
0.2961861
0
0.2963334
1.071893
2.030463
2.805928
3.102105
2.805764
2.030199
1.071629
0.2961699
0
0.2963496
1.07192
2.03049
2.805944
3.102105
2.805748
2.030173
1.071603
0.2961536
0
0.2962545
1.071946
2.030516
2.80596
3.102105
2.805843
2.030146
1.071576
0.2961373
0
0.2962708
1.071972
2.030542
2.805976
3.102105
2.805826
2.0303
1.07155
0.2961212
0
0.2962871
1.071819
2.030569
2.805992
3.102105
2.80581
2.030274
1.071704
0.2961049
0
0.2963033
1.071845
2.030415
2.806009
3.102105
2.805794
2.030247
1.071678
0.2960886
0
0.2963195
1.071871
2.030441
2.805913
3.102105
2.805778
2.030221
1.071651
0.2961836
0
0.2963358
1.071897
2.030467
2.80593
3.102105
2.805762
2.030195
1.071625
0.2961674
0
0.296352
1.071924
2.030494
2.805946
3.102105
2.805745
2.030169
1.071599
0.2961512
0
0.296257
1.07195
2.03052
2.805962
3.102105
2.80584
2.030142
1.071572
0.2961349
0
0.2962732
1.071976
2.030546
2.805979
3.102105
2.805824
2.030296
1.071546
0.2961186
0
0.2962895
1.071823
2.030572
2.805995
3.102105
2.805808
2.03027
1.0717
0.2961025
0
0.2963057
1.071849
2.030419
2.806011
3.102105
2.805792
2.030243
1.071674
0.2960862
0
0.296322
1.071875
2.030445
2.805916
3.102105
2.805775
2.030217
1.071647
0.2961812
0
0.2963382
1.071901
2.030471
2.805932
3.102105
2.805759
2.030191
1.071621
0.296165
0
0.2963545
1.071928
2.030498
2.805949
3.102105
2.805743
2.030164
1.071595
0.2961488
0
0.2962594
1.071954
2.030524
2.805965
3.102105
2.805838
2.030138
1.071568
0.2961325
0
0.2962756
1.07198
2.03055
2.805981
3.102105
2.805822
2.030292
1.071542
0.2961163
0
0.2962919
1.071826
2.030576
2.805997
3.102105
2.805805
2.030266
1.071696
0.2961
0
0.2963082
1.071853
2.030422
2.806013
3.102105
2.805789
2.03024
1.07167
0.2960838
0
0.2963243
1.071879
2.030449
2.805918
3.102105
2.805773
2.030213
1.071643
0.2961788
0
0.2963406
1.071905
2.030475
2.805935
3.102105
2.805757
2.030187
1.071617
0.2961626
0
0.2963569
1.071931
2.030501
2.805951
3.102105
2.80574
2.030161
1.071591
0.2961463
0
0.2962618
1.071958
2.030528
2.805967
3.102105
2.805835
2.030134
1.071565
0.2961301
0
0.296278
1.071804
2.030554
2.805984
3.102105
2.805819
2.030288
1.071538
0.2961138
0
0.2962943
1.07183
2.03058
2.806
3.102105
2.805803
2.030262
1.071692
0.2960976
0
0.2963106
1.071856
2.030426
2.806016
3.102105
2.805787
2.030236
1.071666
0.2960814
0
0.2963268
1.071883
2.030453
2.805921
3.102105
2.80577
2.030209
1.071639
0.2961764
0
0.296343
1.071909
2.030479
2.805937
3.102105
2.805754
2.030183
1.071613
0.2961602
0
0.2963593
1.071936
2.030505
2.805954
3.102105
2.805738
2.030157
1.071587
0.2961439
0
0.2962643
1.071962
2.030532
2.80597
3.102105
2.805833
2.030131
1.071561
0.2961277
0
0.2962804
1.071808
2.030558
2.805986
3.102105
2.805817
2.030284
1.071534
0.2961114
0
0.2962967
1.071834
2.030584
2.806002
3.102105
2.805801
2.030258
1.071688
0.2960952
0
0.296313
1.071861
2.030431
2.806018
3.102105
2.805784
2.030232
1.071662
0.2960789
0
0.2963293
1.071887
2.030457
2.805923
3.102105
2.805768
2.030205
1.071636
0.2961739
0
0.2963454
1.071913
2.030483
2.805939
3.102105
2.805752
2.030179
1.071609
0.2961577
0
0.2963617
1.071939
2.030509
2.805956
3.102105
2.805736
2.030153
1.071583
0.2961415
0
0.2962667
1.071966
2.030535
2.805972
3.102105
2.805831
2.030127
1.071557
0.2961252
0
0.2962829
1.071812
2.030562
2.805988
3.102105
2.805815
2.030281
1.07153
0.2961091
0
0.2962991
1.071838
2.030588
2.806005
3.102105
2.805798
2.030254
1.071684
0.2960928
0
0.2963154
1.071864
2.030434
2.806021
3.102105
2.805782
2.030228
1.071658
0.2960765
0
0.2963317
1.071891
2.030461
2.805926
3.102105
2.805766
2.030201
1.071632
0.2961715
0
0.2963479
1.071917
2.030487
2.805942
3.102105
2.805749
2.030175
1.071605
0.2961554
0
0.2963641
1.071943
2.030513
2.805958
3.102105
2.805733
2.030149
1.071579
0.2961391
0
0.2962691
1.07197
2.03036
2.805974
3.102105
2.805828
2.030123
1.071733
0.2961228
0
0.2962853
1.071996
2.030386
2.805991
3.102105
2.805812
2.030097
1.071707
0.2961065
0
0.2963016
1.072022
2.030412
2.806007
3.102105
2.805796
2.03007
1.07168
0.2960904
0
0.2963178
1.072048
2.030438
2.806023
3.102105
2.805779
2.030044
1.071654
0.2960741
0
0.2963341
1.072075
2.030464
2.806039
3.102105
2.805763
2.030378
1.071628
0.2960578
0
0.2963503
1.071741
2.030491
2.806056
3.102105
2.805747
2.030351
1.071602
0.2960416
0
0.2963666
1.071767
2.030517
2.806072
3.102105
2.805731
2.030325
1.071575
0.2960254
0
0.2963828
1.071793
2.030543
2.805866
3.102105
2.805715
2.030299
1.071549
0.2962317
0
0.2963991
1.07182
2.03057
2.805882
3.102105
2.805698
2.030272
1.071523
0.2962154
0
0.2964153
1.071846
2.030596
2.805898
3.102105
2.805682
2.030246
1.071496
0.2961992
0
0.2964316
1.071872
2.030622
2.805914
3.102105
2.805888
2.03022
1.07147
0.296183
0
0.2962252
1.071898
2.030648
2.805931
3.102105
2.805872
2.030194
1.071444
0.2961667
0
0.2962414
1.071925
2.030675
2.805947
3.102105
2.805856
2.030168
1.071417
0.2961504
0
0.2962577
1.071951
2.030341
2.805963
3.102105
2.80584
2.030141
1.071751
0.2961343
0
0.2962739
1.071977
2.030367
2.805979
3.102105
2.805823
2.030115
1.071725
0.296118
0
0.2962902
1.072004
2.030393
2.805996
3.102105
2.805807
2.030089
1.071699
0.2961017
0
0.2963064
1.07203
2.03042
2.806012
3.102105
2.805791
2.030062
1.071673
0.2960855
0
0.2963227
1.072056
2.030446
2.806028
3.102105
2.805774
2.030036
1.071646
0.2960693
0
0.2963389
1.072083
2.030472
2.806044
3.102105
2.805758
2.03037
1.07162
0.296053
0
0.2963551
1.071749
2.030499
2.806061
3.102105
2.805742
2.030344
1.071594
0.2960368
0
0.2963714
1.071775
2.030525
2.806077
3.102105
2.805726
2.030317
1.071567
0.2960206
0
0.2963877
1.071801
2.030551
2.805871
3.102105
2.80571
2.030291
1.071541
0.2962268
0
0.2964039
1.071828
2.030577
2.805887
3.102105
2.805693
2.030265
1.071515
0.2962106
0
0.2964201
1.071854
2.030604
2.805903
3.102105
2.805677
2.030239
1.071489
0.2961944
0
0.2964364
1.07188
2.03063
2.805919
3.102105
2.805884
2.030212
1.071462
0.2961781
0
0.29623
1.071906
2.030656
2.805935
3.102105
2.805867
2.030186
1.071436
0.2961619
0
0.2962462
1.071933
2.030683
2.805952
3.102105
2.805851
2.030159
1.07141
0.2961456
0
0.2962625
1.071959
2.030349
2.805968
3.102105
2.805835
2.030133
1.071744
0.2961294
0
0.2962788
1.071985
2.030375
2.805984
3.102105
2.805819
2.030107
1.071717
0.2961131
0
0.296295
1.072011
2.030401
2.806
3.102105
2.805802
2.030081
1.071691
0.2960969
0
0.2963112
1.072038
2.030428
2.806017
3.102105
2.805786
2.030055
1.071665
0.2960806
0
0.2963275
1.072064
2.030454
2.806033
3.102105
2.80577
2.030028
1.071638
0.2960644
0
0.2963438
1.07209
2.03048
2.806049
3.102105
2.805753
2.030362
1.071612
0.2960482
0
0.29636
1.071756
2.030506
2.806065
3.102105
2.805737
2.030336
1.071586
0.2960319
0
0.2963762
1.071783
2.030533
2.806082
3.102105
2.805721
2.030309
1.07156
0.2960157
0
0.2963925
1.071809
2.030559
2.805875
3.102105
2.805705
2.030283
1.071533
0.296222
0
0.2964088
1.071835
2.030585
2.805892
3.102105
2.805689
2.030257
1.071507
0.2962057
0
0.296425
1.071862
2.030612
2.805908
3.102105
2.805672
2.030231
1.071481
0.2961896
0
0.2962186
1.071888
2.030638
2.805924
3.102105
2.805879
2.030204
1.071454
0.2961733
0
0.2962349
1.071914
2.030664
2.80594
3.102105
2.805862
2.030178
1.071428
0.296157
0
0.2962511
1.07194
2.03069
2.805956
3.102105
2.805846
2.030152
1.071402
0.2961408
0
0.2962673
1.071967
2.030356
2.805973
3.102105
2.80583
2.030126
1.071736
0.2961246
0
0.2962836
1.071993
2.030383
2.805989
3.102105
2.805814
2.030099
1.071709
0.2961083
0
0.2962998
1.072019
2.030409
2.806005
3.102105
2.805797
2.030073
1.071683
0.296092
0
0.2963161
1.072046
2.030435
2.806021
3.102105
2.805781
2.030047
1.071657
0.2960759
0
0.2963323
1.072072
2.030462
2.806038
3.102105
2.805765
2.03002
1.071631
0.2960596
0
0.2963486
1.072098
2.030488
2.806054
3.102105
2.805749
2.030354
1.071604
0.2960433
0
0.2963648
1.071764
2.030514
2.80607
3.102105
2.805732
2.030328
1.071578
0.2960271
0
0.2963811
1.071791
2.030541
2.806086
3.102105
2.805716
2.030302
1.071552
0.2960109
0
0.2963973
1.071817
2.030567
2.80588
3.102105
2.8057
2.030275
1.071525
0.2962172
0
0.2964136
1.071843
2.030593
2.805896
3.102105
2.805684
2.030249
1.071499
0.2962009
0
0.2964298
1.071869
2.030619
2.805912
3.102105
2.805667
2.030223
1.071473
0.2961847
0
0.2962235
1.071896
2.030646
2.805929
3.102105
2.805874
2.030197
1.071447
0.2961685
0
0.2962397
1.071922
2.030672
2.805945
3.102105
2.805858
2.03017
1.07142
0.2961522
0
0.2962559
1.071948
2.030698
2.805961
3.102105
2.805841
2.030144
1.071394
0.2961359
0
0.2962722
1.071975
2.030365
2.805978
3.102105
2.805825
2.030118
1.071728
0.2961197
0
0.2962885
1.072001
2.030391
2.805994
3.102105
2.805809
2.030091
1.071702
0.2961035
0
0.2963047
1.072027
2.030417
2.80601
3.102105
2.805793
2.030065
1.071675
0.2960872
0
0.2963209
1.072053
2.030443
2.806026
3.102105
2.805776
2.030039
1.071649
0.296071
0
0.2963372
1.07208
2.03047
2.806043
3.102105
2.80576
2.030013
1.071623
0.2960548
0
0.2963534
1.072106
2.030496
2.806059
3.102105
2.805744
2.030346
1.071596
0.2960385
0
0.2963696
1.071772
2.030522
2.806075
3.102105
2.805727
2.03032
1.07157
0.2960222
0
0.2963859
1.071798
2.030548
2.806091
3.102105
2.805711
2.030294
1.071544
0.2960061
0
0.2964022
1.071825
2.030575
2.805885
3.102105
2.805695
2.030267
1.071518
0.2962123
0
0.2964185
1.071851
2.030601
2.805901
3.102105
2.805679
2.030241
1.071491
0.2961961
0
0.2964346
1.071877
2.030627
2.805918
3.102105
2.805663
2.030215
1.071465
0.2961799
0
0.2962283
1.071904
2.030653
2.805934
3.102105
2.805869
2.030189
1.071439
0.2961636
0
0.2962446
1.07193
2.03068
2.80595
3.102105
2.805853
2.030162
1.071412
0.2961473
0
0.2962607
1.071956
2.030706
2.805966
3.102105
2.805837
2.030136
1.071746
0.2961311
0
0.296277
1.071983
2.030372
2.805982
3.102105
2.80582
2.03011
1.07172
0.2961149
0
0.2962933
1.072009
2.030399
2.805999
3.102105
2.805804
2.030084
1.071694
0.2960986
0
0.2963096
1.072035
2.030425
2.806015
3.102105
2.805788
2.030057
1.071667
0.2960824
0
0.2963257
1.072061
2.030451
2.806031
3.102105
2.805772
2.030031
1.071641
0.2960661
0
0.296342
1.072088
2.030478
2.806047
3.102105
2.805755
2.030005
1.071615
0.2960499
0
0.2963583
1.072114
2.030504
2.806064
3.102105
2.805739
2.030339
1.071589
0.2960337
0
0.2963746
1.07178
2.03053
2.80608
3.102105
2.805723
2.030312
1.071562
0.2960174
0
0.2963907
1.071806
2.030556
2.806096
3.102105
2.805707
2.030286
1.071536
0.2960011
0
0.296407
1.071833
2.030582
2.80589
3.102105
2.80569
2.03026
1.07151
0.2962075
0
0.2964233
1.071859
2.030609
2.805906
3.102105
2.805674
2.030233
1.071483
0.2961912
0
0.2964396
1.071885
2.030635
2.805923
3.102105
2.805658
2.030207
1.071457
0.2961751
0
0.2962331
1.071911
2.030661
2.805938
3.102105
2.805864
2.030181
1.071431
0.2961588
0
0.2962494
1.071938
2.030688
2.805955
3.102105
2.805848
2.030154
1.071405
0.2961425
0
0.2962657
1.071964
2.030714
2.805971
3.102105
2.805832
2.030128
1.071738
0.2961262
0
0.2962819
1.07199
2.03038
2.805987
3.102105
2.805815
2.030102
1.071712
0.2961101
0
0.2962981
1.072016
2.030406
2.806003
3.102105
2.805799
2.030076
1.071686
0.2960938
0
0.2963144
1.072043
2.030433
2.80602
3.102105
2.805783
2.03005
1.07166
0.2960775
0
0.2963306
1.072069
2.030459
2.806036
3.102105
2.805767
2.030023
1.071633
0.2960613
0
0.2963468
1.072095
2.030485
2.806052
3.102105
2.80575
2.029997
1.071607
0.2960451
0
0.2963631
1.072122
2.030511
2.806068
3.102105
2.805734
2.030331
1.071581
0.2960288
0
0.2963794
1.071788
2.030538
2.806085
3.102105
2.805718
2.030304
1.071555
0.2960126
0
0.2963956
1.071814
2.030564
2.806101
3.102105
2.805702
2.030278
1.071528
0.2959963
0
0.2964118
1.07184
2.03059
2.805895
3.102105
2.805685
2.030252
1.071502
0.2962027
0
0.2964281
1.071867
2.030617
2.805911
3.102105
2.805669
2.030226
1.071476
0.2961864
0
0.2964444
1.071893
2.030643
2.805927
3.102105
2.805653
2.030199
1.071449
0.2961701
0
0.296238
1.071919
2.030669
2.805943
3.102105
2.805859
2.030173
1.071423
0.2961539
0
0.2962542
1.071945
2.030695
2.805959
3.102105
2.805843
2.030147
1.071397
0.2961377
0
0.2962705
1.071972
2.030722
2.805976
3.102105
2.805827
2.030121
1.071731
0.2961214
0
0.2962867
1.071998
2.030388
2.805992
3.102105
2.80581
2.030094
1.071704
0.2961051
0
0.296303
1.072024
2.030414
2.806008
3.102105
2.805794
2.030068
1.071678
0.296089
9.244994E-08
0.2963192
1.072051
2.03044
2.806025
3.102105
2.805778
2.030042
1.071652
0.2960727
0
0.2963355
1.072077
2.030467
2.806041
3.102105
2.805762
2.030015
1.071625
0.2960564
0
0.2963517
1.072103
2.030493
2.806057
3.102105
2.805746
2.029989
1.071599
0.2960403
0
0.296368
1.072129
2.030519
2.806073
3.102105
2.805729
2.030323
1.071573
0.296024
0
0.2963842
1.071796
2.030546
2.80609
3.102105
2.805713
2.030297
1.071547
0.2960077
0
0.2964004
1.071822
2.030572
2.806106
3.102105
2.805697
2.03027
1.07152
0.2959915
0
0.2964167
1.071848
2.030598
2.805899
3.102105
2.805681
2.030244
1.071494
0.2961978
0
0.296433
1.071874
2.030624
2.805916
3.102105
2.805664
2.030218
1.071468
0.2961816
0
0.2964492
1.071901
2.030651
2.805932
3.102105
2.805648
2.030192
1.071442
0.2961653
0
0.2962428
1.071927
2.030677
2.805948
3.102105
2.805854
2.030165
1.071415
0.2961491
0
0.2962591
1.071953
2.030703
2.805964
3.102105
2.805838
2.030139
1.071389
0.2961328
0
0.2962753
1.07198
2.03073
2.805981
3.102105
2.805822
2.030113
1.071723
0.2961166
0
0.2962915
1.072006
2.030396
2.805997
3.102105
2.805806
2.030086
1.071697
0.2961003
0
0.2963078
1.072032
2.030422
2.806013
3.102105
2.805789
2.03006
1.07167
0.2960841
9.244994E-08
0.2963241
1.072058
2.030448
2.806029
3.102105
2.805773
2.030034
1.071644
0.2960679
0
0.2963403
1.072085
2.030475
2.806046
3.102105
2.805757
2.030007
1.071618
0.2960516
0
0.2963565
1.072111
2.030501
2.806062
3.102105
2.805741
2.029981
1.071591
0.2960353
0
0.2963728
1.071777
2.030527
2.806078
3.102105
2.805725
2.030315
1.071565
0.2960192
0
0.2963891
1.071803
2.030553
2.806094
3.102105
2.805708
2.030289
1.071539
0.2960029
0
0.2964053
1.07183
2.03058
2.806111
3.102105
2.805692
2.030262
1.071513
0.2959866
0
0.2964215
1.071856
2.030606
2.805904
3.102105
2.805676
2.030236
1.071486
0.296193
0
0.2964378
1.071882
2.030632
2.805921
3.102105
2.80566
2.03021
1.07146
0.2961767
0
0.2964541
1.071909
2.030659
2.805937
3.102105
2.805643
2.030184
1.071434
0.2961604
0
0.2962476
1.071935
2.030685
2.805953
3.102105
2.80585
2.030157
1.071407
0.2961443
0
0.2962639
1.071961
2.030711
2.805969
3.102105
2.805833
2.030131
1.071381
0.296128
0
0.2962802
1.071987
2.030737
2.805986
3.102105
2.805817
2.030105
1.071715
0.2961117
0
0.2962964
1.072014
2.030404
2.806002
3.102105
2.805801
2.030079
1.071689
0.2960956
0
0.2963126
1.07204
2.03043
2.806018
3.102105
2.805785
2.030052
1.071662
0.2960793
9.244994E-08
0.2963289
1.072066
2.030456
2.806034
3.102105
2.805768
2.030026
1.071636
0.296063
0
0.2963451
1.072093
2.030482
2.80605
3.102105
2.805752
2.03
1.07161
0.2960468
0
0.2963614
1.072119
2.030509
2.806067
3.102105
2.805736
2.029973
1.071584
0.2960306
0
0.2963776
1.071785
2.030535
2.806083
3.102105
2.80572
2.030307
1.071557
0.2960143
0
0.2963939
1.071811
2.030561
2.806099
3.102105
2.805703
2.030281
1.071531
0.2959981
0
0.2964101
1.071838
2.030588
2.806115
3.102105
2.805687
2.030255
1.071505
0.2959818
0
0.2964264
1.071864
2.030614
2.805909
3.102105
2.805671
2.030228
1.071478
0.2961882
0
0.2964426
1.07189
2.03064
2.805925
3.102105
2.805655
2.030202
1.071452
0.2961719
0
0.2964589
1.071916
2.030666
2.805942
3.102105
2.805638
2.030176
1.071426
0.2961556
0
0.2962525
1.071943
2.030693
2.805958
3.102105
2.805845
2.03015
1.0714
0.2961394
0
0.2962688
1.071969
2.030719
2.805974
3.102105
2.805829
2.030123
1.071373
0.2961232
0
0.296285
1.071995
2.030745
2.80599
3.102105
2.805812
2.030097
1.071707
0.2961069
0
0.2963012
1.072022
2.030411
2.806007
3.102105
2.805796
2.030071
1.071681
0.2960906
9.244994E-08
0.2963175
1.072048
2.030438
2.806023
3.102105
2.80578
2.030044
1.071655
0.2960745
9.244994E-08
0.2963337
1.072074
2.030464
2.806039
3.102105
2.805763
2.030018
1.071628
0.2960582
0
0.29635
1.0721
2.03049
2.806055
3.102105
2.805747
2.029992
1.071602
0.2960419
0
0.2963662
1.072127
2.030517
2.806072
3.102105
2.805731
2.029966
1.071576
0.2960258
0
0.2963825
1.071793
2.030543
2.806088
3.102105
2.805715
2.030299
1.071549
0.2960095
0
0.2963987
1.071819
2.030569
2.806104
3.102105
2.805699
2.030273
1.071523
0.2959932
0
0.296415
1.071845
2.030595
2.80612
3.102105
2.805682
2.030247
1.071497
0.2961996
0
0.2964312
1.071872
2.030622
2.805914
3.102105
2.805666
2.030221
1.071471
0.2961833
0
0.2964475
1.071898
2.030648
2.80593
3.102105
2.80565
2.030194
1.071444
0.296167
0
0.2964637
1.071924
2.030674
2.805946
3.102105
2.805634
2.030168
1.071418
0.2961508
0
0.2962573
1.071951
2.0307
2.805963
3.102105
2.80584
2.030142
1.071392
0.2961346
0
0.2962736
1.071977
2.030727
2.805979
3.102105
2.805824
2.030115
1.071365
0.2961183
0
0.2962899
1.072003
2.030753
2.805995
3.102105
2.805807
2.030089
1.071699
0.2961021
0
0.296306
1.072029
2.030419
2.806011
3.102105
2.805791
2.030063
1.071673
0.2960858
9.244994E-08
0.2963223
1.072056
2.030446
2.806028
3.102105
2.805775
2.030037
1.071647
0.2960696
9.244994E-08
0.2963386
1.072082
2.030472
2.806044
3.102105
2.805758
2.03001
1.07162
0.2960534
0
0.2963549
1.072108
2.030498
2.80606
3.102105
2.805743
2.029984
1.071594
0.2960371
0
0.296371
1.072135
2.030524
2.806077
3.102105
2.805726
2.029958
1.071568
0.2960208
0
0.2963873
1.071801
2.030551
2.806093
3.102105
2.80571
2.030292
1.071542
0.2960047
0
0.2964036
1.071827
2.030577
2.806109
3.102105
2.805694
2.030265
1.071515
0.2959884
0
0.2964199
1.071853
2.030603
2.806125
3.102105
2.805678
2.030239
1.071489
0.2961947
0
0.296436
1.07188
2.030629
2.805919
3.102105
2.805661
2.030213
1.071463
0.2961785
0
0.2964523
1.071906
2.030656
2.805935
3.102105
2.805645
2.030186
1.071436
0.2961622
0
0.2964686
1.071932
2.030682
2.805951
3.102105
2.805629
2.03016
1.07141
0.2961459
0
0.2962622
1.071958
2.030708
2.805968
3.102105
2.805835
2.030134
1.071384
0.2961298
0
0.2962784
1.071985
2.030735
2.805984
3.102105
2.805819
2.030107
1.071358
0.2961135
0
0.2962947
1.072011
2.030761
2.806
3.102105
2.805803
2.030081
1.071691
0.2960972
0
0.296311
1.072037
2.030427
2.806016
3.102105
2.805786
2.030055
1.071665
0.296081
9.244994E-08
0.2963271
1.072064
2.030453
2.806033
3.102105
2.80577
2.030029
1.071639
0.2960648
9.244994E-08
0.2963434
1.07209
2.03048
2.806049
3.102105
2.805754
2.030002
1.071613
0.2960485
0
0.2963597
1.072116
2.030506
2.806065
3.102105
2.805737
2.029976
1.071586
0.2960323
0
0.2963759
1.072142
2.030532
2.806081
3.102105
2.805721
2.02995
1.07156
0.296016
0
0.2963921
1.071808
2.030558
2.806098
3.102105
2.805705
2.030284
1.071534
0.2959998
0
0.2964084
1.071835
2.030585
2.806113
3.102105
2.805689
2.030257
1.071507
0.2959836
0
0.2964247
1.071861
2.030611
2.80613
3.102105
2.805673
2.030231
1.071481
0.2961898
0
0.2964409
1.071887
2.030637
2.805924
3.102105
2.805656
2.030205
1.071455
0.2961736
0
0.2964571
1.071914
2.030663
2.80594
3.102105
2.80564
2.030179
1.071429
0.2961574
0
0.2964734
1.07194
2.03069
2.805956
3.102105
2.805847
2.030152
1.071402
0.2961411
0
0.296267
1.071966
2.030716
2.805972
3.102105
2.80583
2.030126
1.071376
0.2961248
0
0.2962833
1.071993
2.030743
2.805989
3.102105
2.805814
2.0301
1.07135
0.2961087
0
0.2962995
1.072019
2.030769
2.806005
3.102105
2.805798
2.030073
1.071684
0.2960924
9.244994E-08
0.2963158
1.072045
2.030435
2.806021
3.102105
2.805782
2.030047
1.071657
0.2960761
9.244994E-08
0.296332
1.072071
2.030461
2.806037
3.102105
2.805765
2.030021
1.071631
0.2960599
9.244994E-08
0.2963483
1.072098
2.030487
2.806054
3.102105
2.805749
2.029995
1.071605
0.2960437
0
0.2963645
1.072124
2.030514
2.80607
3.102105
2.805733
2.029969
1.071579
0.2960274
0
0.2963808
1.07215
2.03054
2.806086
3.102105
2.805717
2.029942
1.071552
0.2960112
0
0.296397
1.071816
2.030566
2.806102
3.102105
2.8057
2.030276
1.071526
0.295995
0
0.2964133
1.071843
2.030593
2.806118
3.102105
2.805684
2.03025
1.0715
0.2959787
0
0.2964295
1.071869
2.030619
2.806135
3.102105
2.805668
2.030223
1.071473
0.296185
0
0.2964458
1.071895
2.030645
2.805928
3.102105
2.805651
2.030197
1.071447
0.2961688
0
0.296462
1.071921
2.030672
2.805945
3.102105
2.805635
2.030171
1.071421
0.2961525
0
0.2964783
1.071948
2.030698
2.805961
3.102105
2.805842
2.030145
1.071395
0.2961363
0
0.2962718
1.071974
2.030724
2.805977
3.102105
2.805825
2.030118
1.071368
0.29612
0
0.2962881
1.072
2.03075
2.805993
3.102105
2.805809
2.030092
1.071342
0.2961038
0
0.2963044
1.072027
2.030416
2.80601
3.102105
2.805793
2.030066
1.071676
0.2960876
9.244994E-08
0.2963206
1.072053
2.030443
2.806026
3.102105
2.805777
2.030039
1.07165
0.2960713
9.244994E-08
0.2963368
1.072079
2.030469
2.806042
3.102105
2.80576
2.030013
1.071623
0.296055
9.244994E-08
0.2963531
1.072106
2.030495
2.806058
3.102105
2.805744
2.029987
1.071597
0.2960389
0
0.2963694
1.072132
2.030522
2.806075
3.102105
2.805728
2.02996
1.071571
0.2960226
0
0.2963856
1.072158
2.030548
2.806091
3.102105
2.805712
2.029934
1.071544
0.2960063
0
0.2964018
1.071824
2.030574
2.806107
3.102105
2.805695
2.030268
1.071518
0.2959901
0
0.2964181
1.07185
2.0306
2.806123
3.102105
2.805679
2.030242
1.071492
0.2959739
0
0.2964344
1.071877
2.030627
2.80614
3.102105
2.805663
2.030216
1.071466
0.2961801
0
0.2964506
1.071903
2.030653
2.805933
3.102105
2.805647
2.030189
1.071439
0.2961639
0
0.2964668
1.071929
2.030679
2.80595
3.102105
2.80563
2.030163
1.071413
0.2961477
0
0.2964831
1.071956
2.030706
2.805966
3.102105
2.805837
2.030137
1.071387
0.2961314
0
0.2962767
1.071982
2.030732
2.805982
3.102105
2.805821
2.03011
1.07136
0.2961152
0
0.2962929
1.072008
2.030758
2.805998
3.102105
2.805804
2.030084
1.071334
0.296099
0
0.2963092
1.072034
2.030424
2.806015
3.102105
2.805788
2.030058
1.071668
0.2960827
9.244994E-08
0.2963255
1.072061
2.030451
2.806031
3.102105
2.805772
2.030031
1.071642
0.2960665
9.244994E-08
0.2963417
1.072087
2.030477
2.806047
3.102105
2.805756
2.030005
1.071615
0.2960503
9.244994E-08
0.2963579
1.072113
2.030503
2.806063
3.102105
2.805739
2.029979
1.071589
0.296034
0
0.2963742
1.07214
2.030529
2.80608
3.102105
2.805723
2.029953
1.071563
0.2960178
0
0.2963904
1.072166
2.030556
2.806096
3.102105
2.805707
2.029926
1.071537
0.2960015
0
0.2964067
1.071832
2.030582
2.806112
3.102105
2.805691
2.03026
1.07151
0.2959853
0
0.2964229
1.071858
2.030608
2.806128
3.102105
2.805674
2.030234
1.071484
0.2959691
0
0.2964392
1.071885
2.030635
2.806144
3.102105
2.805658
2.030208
1.071458
0.2961753
0
0.2964554
1.071911
2.030661
2.805938
3.102105
2.805642
2.030181
1.071431
0.2961591
0
0.2964717
1.071937
2.030687
2.805954
3.102105
2.805626
2.030155
1.071405
0.2961429
0
0.2964879
1.071963
2.030713
2.805971
3.102105
2.805832
2.030129
1.071379
0.2961266
0
0.2962815
1.07199
2.03074
2.805987
3.102105
2.805816
2.030102
1.071353
0.2961103
0
0.2962978
1.072016
2.030766
2.806003
3.102105
2.805799
2.030076
1.071326
0.2960941
0
0.296314
1.072042
2.030432
2.806019
3.102105
2.805783
2.03005
1.07166
0.2960779
9.244994E-08
0.2963303
1.072069
2.030458
2.806036
3.102105
2.805767
2.030024
1.071634
0.2960616
9.244994E-08
0.2963465
1.072095
2.030485
2.806052
3.102105
2.805751
2.029997
1.071608
0.2960454
0
0.2963628
1.072121
2.030511
2.806068
3.102105
2.805735
2.029971
1.071581
0.2960292
0
0.296379
1.072147
2.030537
2.806084
3.102105
2.805718
2.029945
1.071555
0.2960129
0
0.2963953
1.072174
2.030564
2.806101
3.102105
2.805702
2.029919
1.071529
0.2959967
0
0.2964115
1.07184
2.03059
2.806117
3.102105
2.805686
2.030252
1.071502
0.2959805
0
0.2964278
1.071866
2.030616
2.806133
3.102105
2.80567
2.030226
1.071476
0.2959642
0
0.296444
1.071892
2.030642
2.806149
3.102105
2.805653
2.0302
1.07145
0.2961705
0
0.2964603
1.071919
2.030668
2.805943
3.102105
2.805637
2.030174
1.071424
0.2961543
0
0.2964765
1.071945
2.030695
2.805959
3.102105
2.805621
2.030147
1.071397
0.296138
0
0.2964928
1.071971
2.030721
2.805975
3.102105
2.805827
2.030121
1.071371
0.2961218
0
0.2962863
1.071998
2.030748
2.805992
3.102105
2.805811
2.030095
1.071345
0.2961055
0
0.2963026
1.072024
2.030774
2.806008
3.102105
2.805795
2.030068
1.071319
0.2960893
9.244994E-08
0.2963189
1.07205
2.03044
2.806024
3.102105
2.805778
2.030042
1.071652
0.2960731
9.244994E-08
0.2963352
1.072076
2.030466
2.80604
3.102105
2.805762
2.030016
1.071626
0.2960568
9.244994E-08
0.2963513
1.072103
2.030493
2.806057
3.102105
2.805746
2.02999
1.0716
0.2960405
0
0.2963676
1.072129
2.030519
2.806073
3.102105
2.80573
2.029963
1.071573
0.2960244
0
0.2963839
1.072155
2.030545
2.806089
3.102105
2.805713
2.029937
1.071547
0.2960081
0
0.2964001
1.072182
2.030571
2.806105
3.102105
2.805697
2.029911
1.071521
0.2959918
0
0.2964163
1.071848
2.030598
2.806122
3.102105
2.805681
2.030245
1.071495
0.2959756
0
0.2964326
1.071874
2.030624
2.806138
3.102105
2.805665
2.030218
1.071468
0.2959594
0
0.2964489
1.0719
2.03065
2.806154
3.102105
2.805648
2.030192
1.071442
0.2961656
0
0.2964652
1.071926
2.030677
2.805948
3.102105
2.805632
2.030166
1.071416
0.2961494
0
0.2964813
1.071953
2.030703
2.805964
3.102105
2.805616
2.030139
1.071389
0.2961332
0
0.2964976
1.071979
2.030729
2.80598
3.102105
2.805822
2.030113
1.071363
0.2961169
0
0.2962913
1.072005
2.030755
2.805997
3.102105
2.805806
2.030087
1.071337
0.2961007
0
0.2963074
1.072032
2.030782
2.806013
3.102105
2.80579
2.030061
1.071311
0.2960844
9.244994E-08
0.2963237
1.072058
2.030448
2.806029
3.102105
2.805773
2.030034
1.071644
0.2960682
9.244994E-08
0.29634
1.072084
2.030474
2.806045
3.102105
2.805757
2.030008
1.071618
0.296052
9.244994E-08
0.2963563
1.072111
2.0305
2.806062
3.102105
2.805741
2.029982
1.071592
0.2960357
0
0.2963724
1.072137
2.030527
2.806078
3.102105
2.805725
2.029955
1.071566
0.2960195
0
0.2963887
1.072163
2.030553
2.806094
3.102105
2.805709
2.029929
1.071539
0.2960033
0
0.296405
1.072189
2.030579
2.80611
3.102105
2.805692
2.030263
1.071513
0.295987
0
0.2964212
1.071856
2.030605
2.806127
3.102105
2.805676
2.030237
1.071487
0.2959707
0
0.2964374
1.071882
2.030632
2.806143
3.102105
2.80566
2.03021
1.07146
0.2959546
0
0.2964537
1.071908
2.030658
2.806159
3.102105
2.805644
2.030184
1.071434
0.2961608
0
0.29647
1.071934
2.030684
2.805953
3.102105
2.805627
2.030158
1.071408
0.2961445
0
0.2964862
1.071961
2.03071
2.805969
3.102105
2.805611
2.030132
1.071382
0.2961284
0
0.2965024
1.071987
2.030737
2.805985
3.102105
2.805817
2.030105
1.071355
0.2961121
0
0.2962961
1.072013
2.030763
2.806002
3.102105
2.805801
2.030079
1.071329
0.2960958
0
0.2963123
1.072039
2.03079
2.806018
3.102105
2.805785
2.030053
1.071303
0.2960796
9.244994E-08
0.2963285
1.072066
2.030456
2.806034
3.102105
2.805769
2.030026
1.071637
0.2960634
9.244994E-08
0.2963448
1.072092
2.030482
2.80605
3.102105
2.805753
2.03
1.07161
0.2960471
9.244994E-08
0.2963611
1.072118
2.030508
2.806066
3.102105
2.805736
2.029974
1.071584
0.2960309
0
0.2963773
1.072145
2.030534
2.806082
3.102105
2.80572
2.029948
1.071558
0.2960146
0
0.2963935
1.072171
2.030561
2.806099
3.102105
2.805704
2.029921
1.071532
0.2959984
0
0.2964098
1.072197
2.030587
2.806115
3.102105
2.805688
2.030255
1.071505
0.2959822
0
0.2964261
1.071863
2.030613
2.806131
3.102105
2.805671
2.030229
1.071479
0.2959659
0
0.2964423
1.07189
2.03064
2.806148
3.102105
2.805655
2.030203
1.071453
0.2959497
0
0.2964586
1.071916
2.030666
2.806164
3.102105
2.805639
2.030176
1.071427
0.296156
0
0.2964748
1.071942
2.030692
2.805958
3.102105
2.805623
2.03015
1.0714
0.2961397
0
0.2964911
1.071968
2.030719
2.805974
3.102105
2.805606
2.030124
1.071374
0.2961235
0
0.2965073
1.071995
2.030745
2.80599
3.102105
2.805813
2.030097
1.071347
0.2961073
0
0.2963009
1.072021
2.030771
2.806006
3.102105
2.805796
2.030071
1.071321
0.296091
9.244994E-08
0.2963171
1.072047
2.030797
2.806023
3.102105
2.80578
2.030045
1.071295
0.2960747
9.244994E-08
0.2963334
1.072074
2.030463
2.806039
3.102105
2.805764
2.030019
1.071629
0.2960586
9.244994E-08
0.2963497
1.0721
2.03049
2.806055
3.102105
2.805748
2.029992
1.071603
0.2960423
9.244994E-08
0.2963659
1.072126
2.030516
2.806071
3.102105
2.805731
2.029966
1.071576
0.296026
0
0.2963821
1.072152
2.030542
2.806087
3.102105
2.805715
2.02994
1.07155
0.2960098
0
0.2963984
1.072179
2.030569
2.806104
3.102105
2.805699
2.029913
1.071524
0.2959936
0
0.2964147
1.072205
2.030595
2.80612
3.102105
2.805683
2.030247
1.071497
0.2959773
0
0.2964309
1.071871
2.030621
2.806136
3.102105
2.805666
2.030221
1.071471
0.2959611
0
0.2964471
1.071897
2.030648
2.806152
3.102105
2.80565
2.030195
1.071445
0.2959448
0
0.2964634
1.071924
2.030674
2.805946
3.102105
2.805634
2.030169
1.071419
0.2961511
0
0.2964797
1.07195
2.0307
2.805962
3.102105
2.805618
2.030142
1.071392
0.2961349
0
0.2964959
1.071976
2.030726
2.805979
3.102105
2.805601
2.030116
1.071366
0.2961186
0
0.2965121
1.072003
2.030753
2.805995
3.102105
2.805808
2.03009
1.07134
0.2961024
0
0.2963058
1.072029
2.030779
2.806011
3.102105
2.805792
2.030063
1.071314
0.2960862
9.244994E-08
0.296322
1.072055
2.030805
2.806027
3.102105
2.805775
2.030037
1.071287
0.2960699
9.244994E-08
0.2963382
1.072081
2.030471
2.806044
3.102105
2.805759
2.030011
1.071621
0.2960536
9.244994E-08
0.2963545
1.072108
2.030498
2.80606
3.102105
2.805743
2.029984
1.071595
0.2960375
9.244994E-08
0.2963708
1.072134
2.030524
2.806076
3.102105
2.805727
2.029958
1.071568
0.2960212
0
0.296387
1.07216
2.03055
2.806092
3.102105
2.80571
2.029932
1.071542
0.296005
0
0.2964032
1.072187
2.030576
2.806108
3.102105
2.805694
2.029906
1.071516
0.2959888
0
0.2964195
1.072213
2.030603
2.806125
3.102105
2.805678
2.03024
1.07149
0.2959725
0
0.2964357
1.071879
2.030629
2.806141
3.102105
2.805661
2.030213
1.071463
0.2959562
0
0.2964519
1.071905
2.030655
2.806157
3.102105
2.805645
2.030187
1.071437
0.29594
0
0.2964682
1.071932
2.030682
2.805951
3.102105
2.805629
2.030161
1.071411
0.2961463
0
0.2964845
1.071958
2.030708
2.805967
3.102105
2.805613
2.030134
1.071384
0.29613
0
0.2965007
1.071984
2.030734
2.805984
3.102105
2.805597
2.030108
1.071358
0.2961138
0
0.2962943
1.07201
2.03076
2.806
3.102105
2.805803
2.030082
1.071332
0.2960976
0
0.2963106
1.072037
2.030787
2.806016
3.102105
2.805787
2.030056
1.071306
0.2960813
9.244994E-08
0.2963268
1.072063
2.030813
2.806032
3.102105
2.80577
2.030029
1.071279
0.2960651
9.244994E-08
0.2963431
1.072089
2.030479
2.806048
3.102105
2.805754
2.030003
1.071613
0.2960488
9.244994E-08
0.2963593
1.072116
2.030505
2.806065
3.102105
2.805738
2.029977
1.071587
0.2960326
9.244994E-08
0.2963756
1.072142
2.030532
2.806081
3.102105
2.805722
2.02995
1.071561
0.2960164
0
0.2963918
1.072168
2.030558
2.806097
3.102105
2.805705
2.029924
1.071534
0.2960001
0
0.2964081
1.072194
2.030584
2.806113
3.102105
2.805689
2.029898
1.071508
0.2959839
0
0.2964243
1.072221
2.030611
2.806129
3.102105
2.805673
2.030232
1.071482
0.2959677
0
0.2964406
1.071887
2.030637
2.806146
3.102105
2.805657
2.030205
1.071455
0.2959514
0
0.2964568
1.071913
2.030663
2.806162
3.102105
2.80564
2.030179
1.071429
0.2959352
0
0.2964731
1.071939
2.030689
2.805956
3.102105
2.805624
2.030153
1.071403
0.2961415
0
0.2964893
1.071966
2.030715
2.805972
3.102105
2.805608
2.030127
1.071377
0.2961252
0
0.2965056
1.071992
2.030742
2.805988
3.102105
2.805592
2.0301
1.07135
0.296109
0
0.2962992
1.072018
2.030768
2.806005
3.102105
2.805798
2.030074
1.071324
0.2960928
9.244994E-08
0.2963154
1.072045
2.030795
2.806021
3.102105
2.805782
2.030048
1.071298
0.2960765
9.244994E-08
0.2963317
1.072071
2.030821
2.806037
3.102105
2.805766
2.030021
1.071272
0.2960602
9.244994E-08
0.2963479
1.072097
2.030487
2.806053
3.102105
2.805749
2.029995
1.071605
0.2960441
9.244994E-08
0.2963642
1.072123
2.030513
2.80607
3.102105
2.805733
2.029969
1.071579
0.2960278
9.244994E-08
0.2963804
1.07215
2.03054
2.806086
3.102105
2.805717
2.029943
1.071553
0.2960115
0
0.2963966
1.072176
2.030566
2.806102
3.102105
2.805701
2.029916
1.071527
0.2959953
0
0.2964129
1.072202
2.030592
2.806118
3.102105
2.805684
2.02989
1.0715
0.2959791
0
0.2964292
1.072229
2.030618
2.806134
3.102105
2.805668
2.030224
1.071474
0.2959628
9.244994E-08
0.2962227
1.071895
2.030645
2.806151
3.102105
2.805875
2.030198
1.071448
0.2959466
9.244994E-08
0.296239
1.071921
2.030671
2.806167
3.102105
2.805858
2.030171
1.071421
0.2959303
9.244994E-08
0.2962553
1.071947
2.030697
2.806183
3.102105
2.805842
2.030145
1.071395
0.2959141
1.848999E-07
0.2962716
1.071974
2.030724
2.806199
3.102105
2.805826
2.030119
1.071369
0.2958979
0
0.2962877
1.072
2.03075
2.806216
3.102105
2.80581
2.030092
1.071342
0.2958816
0
0.296304
1.072026
2.030776
2.806232
3.102105
2.805793
2.030066
1.071316
0.2958654
0
0.2963203
1.072052
2.030802
2.806248
3.102105
2.805777
2.03004
1.07129
0.2958492
0
0.2963366
1.072079
2.030828
2.806264
3.102105
2.805761
2.030014
1.071264
0.2958329
0
0.2963527
1.072105
2.030855
2.806281
3.102105
2.805745
2.029987
1.071237
0.2958167
0
0.296369
1.072131
2.030881
2.805852
3.102105
2.805728
2.029961
1.071211
0.2962455
0
0.2963853
1.072158
2.030907
2.805868
3.102105
2.805712
2.029935
1.071185
0.2962292
0
0.2964016
1.072184
2.030934
2.805884
3.102105
2.805696
2.029908
1.071159
0.2962129
0
0.2964177
1.07221
2.03096
2.805901
3.102105
2.80568
2.029882
1.071132
0.2961968
0
0.296434
1.072236
2.030986
2.805917
3.102105
2.805663
2.029856
1.071106
0.2961805
0
0.2964503
1.072263
2.031013
2.805933
3.102105
2.805647
2.02983
1.0718
0.2961642
0
0.2964665
1.072289
2.030318
2.805949
3.102105
2.805631
2.029803
1.071774
0.2961481
0
0.2964827
1.072315
2.030345
2.805965
3.102105
2.805614
2.029777
1.071747
0.2961318
0
0.296499
1.072342
2.030371
2.805982
3.102105
2.805598
2.029751
1.071721
0.2961155
0
0.2965153
1.072368
2.030398
2.805998
3.102105
2.805582
2.029725
1.071695
0.2960993
0
0.2965315
1.072394
2.030424
2.806014
3.102105
2.805566
2.029698
1.071669
0.2960831
9.244994E-08
0.2965478
1.07242
2.03045
2.80603
3.102105
2.80555
2.030392
1.071642
0.2960668
9.244994E-08
0.296564
1.071726
2.030476
2.806047
3.102105
2.805533
2.030366
1.071616
0.2960506
9.244994E-08
0.2965803
1.071753
2.030503
2.806063
3.102105
2.805517
2.03034
1.07159
0.2960343
9.244994E-08
0.2965965
1.071779
2.030529
2.806079
3.102105
2.805501
2.030313
1.071563
0.2960181
9.244994E-08
0.2966128
1.071805
2.030555
2.806095
3.102105
2.805485
2.030287
1.071537
0.2960019
9.244994E-08
0.2966291
1.071831
2.030581
2.806112
3.102105
2.805468
2.030261
1.071511
0.2959856
9.244994E-08
0.2962
1.071858
2.030608
2.806128
3.102105
2.805897
2.030234
1.071485
0.2959693
9.244994E-08
0.2962162
1.071884
2.030634
2.806144
3.102105
2.805881
2.030208
1.071458
0.2959532
9.244994E-08
0.2962325
1.07191
2.03066
2.80616
3.102105
2.805865
2.030182
1.071432
0.2959369
9.244994E-08
0.2962487
1.071937
2.030687
2.806177
3.102105
2.805848
2.030156
1.071406
0.2959206
1.848999E-07
0.296265
1.071963
2.030713
2.806193
3.102105
2.805832
2.030129
1.071379
0.2959045
1.848999E-07
0.2962812
1.071989
2.030739
2.806209
3.102105
2.805816
2.030103
1.071353
0.2958882
0
0.2962975
1.072015
2.030766
2.806225
3.102105
2.8058
2.030077
1.071327
0.295872
0
0.2963137
1.072042
2.030792
2.806242
3.102105
2.805784
2.030051
1.071301
0.2958557
0
0.29633
1.072068
2.030818
2.806258
3.102105
2.805768
2.030024
1.071274
0.2958395
0
0.2963462
1.072094
2.030844
2.806274
3.102105
2.805751
2.029998
1.071248
0.2958233
0
0.2963625
1.072121
2.03087
2.80629
3.102105
2.805735
2.029972
1.071222
0.295807
0
0.2963787
1.072147
2.030897
2.805861
3.102105
2.805719
2.029945
1.071195
0.2962358
0
0.296395
1.072173
2.030923
2.805878
3.102105
2.805702
2.029919
1.071169
0.2962195
0
0.2964112
1.072199
2.030949
2.805894
3.102105
2.805686
2.029893
1.071143
0.2962033
0
0.2964274
1.072226
2.030976
2.80591
3.102105
2.80567
2.029866
1.071117
0.2961871
0
0.2964437
1.072252
2.031002
2.805927
3.102105
2.805654
2.02984
1.07109
0.2961708
0
0.29646
1.072278
2.031028
2.805943
3.102105
2.805637
2.029814
1.071784
0.2961546
0
0.2964762
1.072304
2.030334
2.805959
3.102105
2.805621
2.029788
1.071758
0.2961383
0
0.2964924
1.072331
2.03036
2.805975
3.102105
2.805605
2.029762
1.071732
0.2961221
0
0.2965087
1.072357
2.030387
2.805992
3.102105
2.805588
2.029735
1.071705
0.2961059
0
0.296525
1.072384
2.030413
2.806008
3.102105
2.805572
2.029709
1.071679
0.2960896
9.244994E-08
0.2965412
1.07241
2.030439
2.806024
3.102105
2.805556
2.029683
1.071653
0.2960733
9.244994E-08
0.2965574
1.072436
2.030466
2.80604
3.102105
2.80554
2.030376
1.071627
0.2960572
9.244994E-08
0.2965737
1.071742
2.030492
2.806056
3.102105
2.805524
2.03035
1.0716
0.2960409
9.244994E-08
0.29659
1.071768
2.030518
2.806072
3.102105
2.805507
2.030324
1.071574
0.2960246
9.244994E-08
0.2966062
1.071795
2.030545
2.806089
3.102105
2.805491
2.030298
1.071548
0.2960085
9.244994E-08
0.2966225
1.071821
2.030571
2.806105
3.102105
2.805475
2.030272
1.071522
0.2959922
9.244994E-08
0.2966387
1.071847
2.030597
2.806121
3.102105
2.805459
2.030245
1.071495
0.2959759
9.244994E-08
0.2962096
1.071873
2.030623
2.806138
3.102105
2.805888
2.030219
1.071469
0.2959597
9.244994E-08
0.2962259
1.0719
2.03065
2.806154
3.102105
2.805871
2.030193
1.071442
0.2959435
9.244994E-08
0.2962422
1.071926
2.030676
2.80617
3.102105
2.805855
2.030166
1.071416
0.2959272
1.848999E-07
0.2962584
1.071952
2.030702
2.806186
3.102105
2.805839
2.03014
1.07139
0.295911
1.848999E-07
0.2962746
1.071979
2.030729
2.806203
3.102105
2.805823
2.030114
1.071364
0.2958947
1.848999E-07
0.2962909
1.072005
2.030755
2.806219
3.102105
2.805806
2.030087
1.071337
0.2958786
0
0.2963071
1.072031
2.030781
2.806235
3.102105
2.80579
2.030061
1.071311
0.2958623
0
0.2963234
1.072057
2.030807
2.806251
3.102105
2.805774
2.030035
1.071285
0.295846
0
0.2963396
1.072084
2.030833
2.806267
3.102105
2.805758
2.030009
1.071259
0.2958298
0
0.2963559
1.07211
2.03086
2.806284
3.102105
2.805741
2.029982
1.071232
0.2958136
0
0.2963721
1.072136
2.030886
2.8063
3.102105
2.805725
2.029956
1.071206
0.2957974
0
0.2963884
1.072163
2.030912
2.805871
3.102105
2.805709
2.02993
1.07118
0.2962261
0
0.2964046
1.072189
2.030939
2.805887
3.102105
2.805693
2.029903
1.071154
0.2962099
0
0.2964209
1.072215
2.030965
2.805903
3.102105
2.805676
2.029877
1.071127
0.2961936
0
0.2964371
1.072241
2.030991
2.80592
3.102105
2.80566
2.029851
1.071101
0.2961774
0
0.2964534
1.072268
2.031018
2.805936
3.102105
2.805644
2.029824
1.071075
0.2961612
0
0.2964696
1.072294
2.031044
2.805952
3.102105
2.805628
2.029798
1.071769
0.2961449
0
0.2964859
1.07232
2.03035
2.805969
3.102105
2.805611
2.029772
1.071742
0.2961286
0
0.2965021
1.072347
2.030376
2.805985
3.102105
2.805595
2.029746
1.071716
0.2961124
0
0.2965184
1.072373
2.030402
2.806001
3.102105
2.805579
2.029719
1.07169
0.2960962
0
0.2965346
1.072399
2.030429
2.806017
3.102105
2.805562
2.029693
1.071663
0.2960799
9.244994E-08
0.2965509
1.072425
2.030455
2.806034
3.102105
2.805546
2.029667
1.071637
0.2960638
9.244994E-08
0.2965671
1.071731
2.030481
2.80605
3.102105
2.80553
2.030361
1.071611
0.2960475
9.244994E-08
0.2965834
1.071758
2.030508
2.806066
3.102105
2.805514
2.030335
1.071585
0.2960312
9.244994E-08
0.2965997
1.071784
2.030534
2.806082
3.102105
2.805497
2.030308
1.071558
0.296015
9.244994E-08
0.2966158
1.07181
2.03056
2.806098
3.102105
2.805481
2.030282
1.071532
0.2959988
9.244994E-08
0.2966321
1.071837
2.030586
2.806115
3.102105
2.805465
2.030256
1.071506
0.2959825
9.244994E-08
0.2966484
1.071863
2.030613
2.806131
3.102105
2.805449
2.03023
1.07148
0.2959663
9.244994E-08
0.2962193
1.071889
2.030639
2.806147
3.102105
2.805878
2.030203
1.071453
0.29595
9.244994E-08
0.2962356
1.071915
2.030665
2.806164
3.102105
2.805862
2.030177
1.071427
0.2959338
9.244994E-08
0.2962519
1.071942
2.030692
2.80618
3.102105
2.805845
2.03015
1.071401
0.2959176
1.848999E-07
0.296268
1.071968
2.030718
2.806196
3.102105
2.805829
2.030124
1.071374
0.2959013
1.848999E-07
0.2962843
1.071994
2.030744
2.806212
3.102105
2.805813
2.030098
1.071348
0.2958851
1.848999E-07
0.2963006
1.072021
2.030771
2.806228
3.102105
2.805797
2.030072
1.071322
0.2958688
0
0.2963169
1.072047
2.030797
2.806245
3.102105
2.80578
2.030046
1.071295
0.2958526
0
0.296333
1.072073
2.030823
2.806261
3.102105
2.805764
2.030019
1.071269
0.2958364
0
0.2963493
1.072099
2.030849
2.806277
3.102105
2.805748
2.029993
1.071243
0.2958201
0
0.2963656
1.072126
2.030876
2.806293
3.102105
2.805732
2.029967
1.071217
0.2958039
0
0.2963818
1.072152
2.030902
2.80631
3.102105
2.805716
2.02994
1.07119
0.2962326
0
0.296398
1.072178
2.030928
2.805881
3.102105
2.805699
2.029914
1.071164
0.2962165
0
0.2964143
1.072204
2.030954
2.805897
3.102105
2.805683
2.029888
1.071138
0.2962002
0
0.2964306
1.072231
2.030981
2.805913
3.102105
2.805667
2.029861
1.071112
0.2961839
0
0.2964469
1.072257
2.031007
2.805929
3.102105
2.805651
2.029835
1.071085
0.2961677
0
0.296463
1.072283
2.031033
2.805946
3.102105
2.805634
2.029809
1.071059
0.2961515
0
0.2964793
1.07231
2.03106
2.805962
3.102105
2.805618
2.029783
1.071753
0.2961352
0
0.2964956
1.072336
2.030365
2.805978
3.102105
2.805602
2.029756
1.071727
0.296119
0
0.2965119
1.072362
2.030392
2.805995
3.102105
2.805586
2.02973
1.0717
0.2961028
0
0.296528
1.072389
2.030418
2.806011
3.102105
2.805569
2.029704
1.071674
0.2960865
9.244994E-08
0.2965443
1.072415
2.030444
2.806027
3.102105
2.805553
2.029678
1.071648
0.2960703
9.244994E-08
0.2965606
1.072441
2.030471
2.806043
3.102105
2.805537
2.029651
1.071622
0.296054
9.244994E-08
0.2965768
1.071747
2.030497
2.80606
3.102105
2.805521
2.030345
1.071595
0.2960378
9.244994E-08
0.2965931
1.071773
2.030523
2.806076
3.102105
2.805504
2.030319
1.071569
0.2960216
9.244994E-08
0.2966093
1.0718
2.03055
2.806092
3.102105
2.805488
2.030293
1.071543
0.2960053
9.244994E-08
0.2966256
1.071826
2.030576
2.806108
3.102105
2.805472
2.030267
1.071516
0.295989
9.244994E-08
0.2966418
1.071852
2.030602
2.806124
3.102105
2.805455
2.03024
1.07149
0.2959729
9.244994E-08
0.2966581
1.071878
2.030628
2.806141
3.102105
2.805439
2.030214
1.071464
0.2959566
9.244994E-08
0.296229
1.071905
2.030655
2.806157
3.102105
2.805868
2.030188
1.071438
0.2959403
9.244994E-08
0.2962453
1.071931
2.030681
2.806173
3.102105
2.805852
2.030161
1.071411
0.2959241
1.848999E-07
0.2962615
1.071957
2.030707
2.806189
3.102105
2.805836
2.030135
1.071385
0.2959079
1.848999E-07
0.2962778
1.071984
2.030734
2.806206
3.102105
2.80582
2.030109
1.071359
0.2958917
1.848999E-07
0.296294
1.07201
2.03076
2.806222
3.102105
2.805803
2.030082
1.071332
0.2958754
1.848999E-07
0.2963103
1.072036
2.030786
2.806238
3.102105
2.805787
2.030056
1.071306
0.2958592
0
0.2963265
1.072062
2.030813
2.806254
3.102105
2.805771
2.03003
1.07128
0.295843
0
0.2963428
1.072089
2.030839
2.806271
3.102105
2.805754
2.030004
1.071254
0.2958267
0
0.296359
1.072115
2.030865
2.806287
3.102105
2.805738
2.029977
1.071227
0.2958104
0
0.2963752
1.072141
2.030891
2.806303
3.102105
2.805722
2.029951
1.071201
0.2957942
0
0.2963915
1.072168
2.030917
2.806319
3.102105
2.805706
2.029925
1.071175
0.296223
0
0.2964078
1.072194
2.030944
2.805891
3.102105
2.805689
2.029898
1.071149
0.2962068
0
0.296424
1.07222
2.03097
2.805907
3.102105
2.805673
2.029872
1.071122
0.2961905
0
0.2964402
1.072246
2.030996
2.805923
3.102105
2.805657
2.029846
1.071096
0.2961743
0
0.2964565
1.072273
2.031023
2.805939
3.102105
2.805641
2.029819
1.07107
0.296158
0
0.2964727
1.072299
2.031049
2.805955
3.102105
2.805624
2.029793
1.071043
0.2961418
0
0.296489
1.072325
2.031075
2.805972
3.102105
2.805608
2.029767
1.071737
0.2961256
0
0.2965053
1.072352
2.030381
2.805988
3.102105
2.805592
2.029741
1.071711
0.2961093
0
0.2965215
1.072378
2.030407
2.806004
3.102105
2.805576
2.029714
1.071685
0.296093
0
0.2965377
1.072404
2.030434
2.80602
3.102105
2.80556
2.029688
1.071658
0.2960769
9.244994E-08
0.296554
1.07243
2.03046
2.806037
3.102105
2.805543
2.029662
1.071632
0.2960606
9.244994E-08
0.2965703
1.072457
2.030486
2.806053
3.102105
2.805527
2.029636
1.071606
0.2960443
9.244994E-08
0.2965865
1.071763
2.030513
2.806069
3.102105
2.805511
2.030329
1.07158
0.2960281
9.244994E-08
0.2966027
1.071789
2.030539
2.806086
3.102105
2.805495
2.030303
1.071553
0.2960119
9.244994E-08
0.296619
1.071815
2.030565
2.806102
3.102105
2.805478
2.030277
1.071527
0.2959956
9.244994E-08
0.2966353
1.071842
2.030591
2.806118
3.102105
2.805462
2.030251
1.071501
0.2959794
9.244994E-08
0.2966515
1.071868
2.030618
2.806134
3.102105
2.805446
2.030225
1.071475
0.2959632
9.244994E-08
0.2966678
1.071894
2.030644
2.80615
3.102105
2.805875
2.030198
1.071448
0.2959469
9.244994E-08
0.2962388
1.07192
2.03067
2.806166
3.102105
2.805859
2.030172
1.071422
0.2959307
9.244994E-08
0.2962549
1.071947
2.030697
2.806183
3.102105
2.805842
2.030145
1.071396
0.2959144
1.848999E-07
0.2962712
1.071973
2.030723
2.806199
3.102105
2.805826
2.030119
1.071369
0.2958982
1.848999E-07
0.2962875
1.071999
2.030749
2.806215
3.102105
2.80581
2.030093
1.071343
0.295882
1.848999E-07
0.2963037
1.072026
2.030776
2.806231
3.102105
2.805794
2.030067
1.071317
0.2958657
1.848999E-07
0.2963199
1.072052
2.030802
2.806248
3.102105
2.805778
2.030041
1.071291
0.2958495
0
0.2963362
1.072078
2.030828
2.806264
3.102105
2.805761
2.030014
1.071264
0.2958333
0
0.2963524
1.072104
2.030854
2.80628
3.102105
2.805745
2.029988
1.071238
0.295817
0
0.2963686
1.072131
2.030881
2.806296
3.102105
2.805729
2.029962
1.071212
0.2958008
0
0.2963849
1.072157
2.030907
2.806313
3.102105
2.805712
2.029935
