0.04217575374369521
0.022058295257013805
0.04389333091667756
0.04600729681693552
0.05095668908692643
0.0527335264752853
0.05707920884732415
0.05992436676056271
0.06846219492763612
0.007240461785363931
0.033532975476579865
0.04231675855540459
0.04668729714481821
0.05010468697868059
0.05303289768881849
0.05549374370491865
0.05159873888617769
0.012318655888841309
-0.04972311531393092
0.024345252479825035
0.04170998836162964
0.04905412918585264
0.053413085630563795
0.05647350815180396
0.058459727486080054
0.057473184094828024
0.03028577273551284
-0.03998133839618235
0.026049009609526212
0.041872521674802245
0.04905448558028153
0.053413085630563795
0.05647317188433859
0.05845926375400543
0.05747494294399664
0.030287337948951755
-0.03997956950116785
0.02604898530440857
0.04187250105154076
0.049054503063032974
0.05341276326881261
0.0564731517576291
0.05845969869323402
0.0574731304694271
0.030285721616039738
-0.039981405881453394
0.026049033914688796
0.04187254229808437
0.049054841974710266
0.05341276326881261
0.05647350815180396
0.05845923496137383
0.057473184094828024
0.03028577273551284
-0.03998290469027247
0.02604908252515065
0.04187258354470903
0.049054520545797044
0.053413085630563795
0.05647348802498179
0.058459669900416567
0.057473076844126655
0.030285660272899622
-0.03997956950116785
0.02604991835782601
0.04187250105154076
0.049054468097542235
0.05341276326881261
0.05647311150425315
0.05845961231486642
0.057473023218926084
0.030285885389959327
-0.0399797179621953
0.026049033914688796
0.04187254229808437
0.049054841974710266
0.05341276326881261
0.05647350815180396
0.05845923496137383
0.057475715110794794
0.030289138478666603
-0.03997952883922051
0.02604908252515065
0.04187258354470903
0.049054520545797044
0.053413085630563795
0.05647348802498179
0.058459669900416567
0.057473076844126655
0.030285660272899622
-0.039979204926001904
0.02604726501851193
0.041872132265010756
0.049054538028573715
0.053413085630563795
0.05647311150425315
0.05845961231486642
0.057473023218926084
0.030285885389959327
-0.0399797179621953
0.026049033914688796
0.04187254229808437
0.049054841974710266
0.05341276326881261
0.05647317188433859
0.05845923496137383
0.05747323772032861
0.03028578295942817
-0.039979380552363504
0.026045471807087713
0.041871722230321526
0.04905421659910002
0.053413085630563795
0.056473071250934745
0.058459989666872374
0.05747280871912427
0.03028565024268343
-0.039980690060276027
0.026049106830449302
0.041872132265010756
0.049054538028573715
0.05341276326881261
0.05647346789817398
0.05845961231486642
0.057473023218926084
0.030285885389959327
-0.03997970446569268
0.026049033914688796
0.04187254229808437
0.049054841974710266
0.05341276326881261
0.05647317188433859
0.05845923496137383
0.05747323772032861
0.03030128105803663
-0.03997965013628481
0.02604920405209851
0.04187268666162646
0.049054572994164
0.053413085630563795
0.05647342764460138
0.058459989666872374
0.05747280871912427
0.030285998042732333
-0.039980690060276027
0.026049106830449302
0.041872132265010756
0.049054538028573715
0.05341276326881261
0.05647346789817398
0.05845961231486642
0.057473023218926084
0.030285895613836756
-0.03997970446569268
0.026049033914688796
0.04187254229808437
0.049054841974710266
0.053413085630563795
0.05647374378449893
0.05845941076633467
0.057473527263023676
0.030286438043746765
-0.03998167567016477
0.02604920405209851
0.04187268666162646
0.049054572994164
0.053413085630563795
0.05647342764460138
0.058459989666872374
0.05747280871912427
0.030285998042732333
-0.03998035247391721
0.026049106830449302
0.041872132265010756
0.049054538028573715
0.05341276326881261
0.05647346789817398
0.05845961231486642
0.057473023218926084
0.03028623319278804
-0.03997969096919917
0.026048100859530385
0.04186981398691157
0.04905389516916841
0.05341340799231483
0.056474456571324286
0.05845726486254869
0.05747725943142274
0.030274663211630564
-0.03997229135130969
0.026045471807087713
0.04187492242739687
0.04905350380897222
0.053413085630563795
0.05647414043193496
0.05846213554744102
0.057470009582378065
0.030298120216232932
-0.03999072291389615
0.026053772119300694
0.041869896475314104
0.04905560721300339
0.05341276326881261
0.05647275511033233
0.05846175820170713
0.057468357973604126
0.03029836568278153
-0.03999007481027363
0.02605276613532286
0.04186981398691157
0.04905591115799678
0.05341276326881261
0.056472815490036715
0.05846138085448632
0.05746857245759498
0.03029860092528974
-0.03998908912784932
0.026052668901014413
0.041870224025966116
0.04905255699840476
0.05341276326881261
0.05647471232865975
0.05845706332171299
0.05747781706896056
0.03027453066746977
-0.03997392483844808
0.026045641922342665
0.0418750667988608
0.04905287842986314
0.05341340799231483
0.05647439619001592
0.05845813474365858
0.05747709854576459
0.030275103307633573
-0.039973938553049544
0.026044635950797496
0.041874512399820374
0.04905318237853254
0.05341340799231483
0.056474456571324286
0.058457757387255026
0.05747731306017581
0.030274335850005572
-0.03998833265701453
0.026052936297109097
0.041870450871629966
0.04905564217935578
0.05341276326881261
0.056473071250934745
0.05846213554744102
0.05746907653679607
0.030299132921634934
-0.03999037181927364
0.026052839061530497
0.041869896475314104
0.04905560721300339
0.05341276326881261
0.05647275511033233
0.05846175820170713
0.057468357973604126
0.03029905105327305
-0.03998972371859603
0.02605367488096573
0.04186981398691157
0.04905591115799678
0.05341276326881261
0.056472815490036715
0.05846138085448632
0.05747946861931705
0.03028105730857696
-0.03997253377913065
0.02604480606122818
0.041874656770154874
0.049053269790310806
0.05341340799231483
0.05647435593588223
0.05845755584472116
0.05747781706896056
0.03027521604055794
-0.03997357375767457
0.026044708854995602
0.0418750667988608
0.04905321734320637
0.053413730354066005
0.05647405992394579
0.05845813474365858
0.05747709854576459
0.03027477594869889
-0.03997358747511586
0.026045544713353443
0.041874512399820374
0.049053538773850394
0.05341244090706144
0.05647231821084805
0.058461556646869084
0.05746891567344243
0.030298232774684256
-0.039991695123247975
0.026052936297109097
0.04186995834182938
0.04905564217935578
0.05341276326881261
0.056473071250934745
0.05846213554744102
0.05746814349121386
0.03029914314967006
-0.03999035831876902
0.026052839061530497
0.04186987585318308
0.04905560721300339
0.053413085630563795
0.05647275511033233
0.05846175820170713
0.057468357973604126
0.03029905105327305
-0.03998971021841483
0.02604397019387412
0.04187375421173096
0.0490533047551094
0.05341340799231483
0.056473959289281964
0.05845793320022099
0.05747853558679348
0.0302749809777086
-0.03997454581668598
0.02604480606122818
0.041874656770154874
0.049053269790310806
0.05341340799231483
0.05647435593588223
0.05845755584472116
0.05747781706896056
0.030274888684092508
-0.039974235435188875
0.026044708854995602
0.0418750667988608
0.04905321734320637
0.05341340799231483
0.05647405992394579
0.05845767101171329
0.05747803158525282
0.030306446854347583
-0.03999166805082361
0.026053942288133985
0.04187004083080102
0.049055677145758154
0.05341340799231483
0.05647267460426081
0.058462049166238594
0.05746798263047214
0.030299255700562803
-0.03999134402568962
0.026053845048528396
0.04186995834182938
0.049055285784291795
0.05341276326881261
0.056473071250934745
0.058461671820891965
0.057468197111661484
0.03029949094640752
-0.03999034481827333
0.026052839061530497
0.04186987585318308
0.049055946124528585
0.053413085630563795
0.05647391903551693
0.058457818033166416
0.05747744166930255
0.030277108917722756
-0.04000779197190582
0.026052343553908862
0.041874739267935716
0.0490569803412833
0.05341244090706144
0.05647217732666405
0.05845793320022099
0.057465773299954837
0.03032521708368603
-0.0399741947332139
0.026054510694161866
0.04186476733012434
0.04905433897816995
0.053413730354066005
0.05647321213780061
0.05846625147447403
0.05747128581691967
0.030272873443475713
-0.04000681955524339
0.026052173393771087
0.0418750667988608
0.049050610918517944
0.05341244090706144
0.056472277958152316
0.05845668596375621
0.05748618196882212
0.03028822865205803
-0.0399783001466461
0.02603583975217293
0.04187348854619698
0.04905603354107617
0.05341437507756822
0.056475956751162446
0.05845810901128215
0.05746798263047214
0.03026254091916155
-0.039972762723416974
0.026053845048528396
0.041875907476324276
0.04905018459574451
0.05341244090706144
0.056473071250934745
0.05845688750368785
0.05748749044814197
0.03028768626624926
-0.040008089126235886
0.026052440789271186
0.041875293670315
0.049057371703259973
0.05341244090706144
0.056472137074169156
0.058457818033166416
0.057465612444646916
0.030324654326080096
-0.03997449162166576
0.02605367488096573
0.0418648498093157
0.049054373943730654
0.053413730354066005
0.05647317188433859
0.058466165087658103
0.05747112494903303
0.030273651121151237
-0.040007805412945796
0.026051337557034107
0.041874656770154874
0.04905694537403925
0.05341244090706144
0.05647152491970474
0.05845755584472116
0.05748690044336966
0.03029069398479884
-0.039975896374666246
0.026035912633244764
0.04187355041823318
0.04905606850778228
0.0534146974393194
0.05647556010469356
0.058458022636156785
0.057468701190371785
0.03026366648493635
-0.039972046811462714
0.026053009224269365
0.041875969351142316
0.04905021955843108
0.05341276326881261
0.05647231821084805
0.05845680112926115
0.057486396512730305
0.03028779890230187
-0.03997695000805138
0.026035742578045185
0.041873406050433035
0.049055981091110236
0.05341211854531026
0.05647174042971622
0.05845773165817309
0.05746539797230335
0.030325094000095143
-0.03997581479072064
0.026053747809649058
0.0418644397544223
0.04905440890934137
0.05341340799231483
0.05647277523688626
0.05846555738990305
0.05747091045991842
0.030273753643662783
-0.04000877777871574
0.026052343553908862
0.04187471864346011
0.0490569803412833
0.05341244090706144
0.056471820934140396
0.058457469469775224
0.057466706352501486
0.030325575115191773
-0.039974842920165767
0.026036009808641913
0.041872647849627895
0.0490554081660291
0.05341437507756822
0.056475519849916445
0.05845790746972013
0.057467607292242893
0.0302634315096979
-0.03997269478932323
0.026053106461118154
0.041875559325022516
0.049050610918517944
0.05341244090706144
0.056472277958152316
0.05845717848773469
0.05748711498915836
0.030287573972886173
-0.0399782731546528
0.026035815458572788
0.04187346792222544
0.049055677145758154
0.05341437507756822
0.056475956751162446
0.05845860153065177
0.05746798263047214
0.03032620876821084
-0.03997713798032338
0.026053845048528396
0.041864994148682486
0.04905410496100843
0.05341340799231483
0.056473091377586694
0.05846547100441049
0.05747074959413311
0.03027386638409882
-0.0400097501589296
0.026052440789271186
0.04187480114148476
0.04905701530857721
0.05341244090706144
0.05647178068189954
0.05845735430357731
0.05746654549458181
0.030325012354547095
-0.039975153308475384
0.02605367488096573
0.041864357275876306
0.049054373943730654
0.053413730354066005
0.056475123204324566
0.058457792303736926
0.05746739281545634
0.03026388190297438
-0.03997401798552297
0.02605317938923107
0.041876113726429035
0.04905064588155838
0.05341244090706144
0.05647188131260928
0.05845706332171299
0.05748690044336966
0.030288689067676296
-0.03997755731190059
0.026035912633244764
0.04187355041823318
0.04905606850778228
0.0534146974393194
0.05647556010469356
0.05845851515479868
0.05746782177063077
0.030264014280968882
-0.03997304611329266
0.026053009224269365
0.04186458409265968
0.04905413992648956
0.05341405271581719
0.05647303099767341
0.058465848338183864
0.057470535107820214
0.030273979122860326
-0.04001038494169949
0.026052513716269255
0.04187488363983457
0.04905705027592096
0.05341244090706144
0.056471384037700634
0.05845773165817309
0.05746633101875613
0.030326127132704005
-0.039975450206151425
0.026053747809649058
0.04186441913475533
0.04905440890934137
0.05341340799231483
0.056473131630934106
0.05846558618512386
0.05747184348983035
0.03027377408279211
-0.03997262685316514
0.02605327662735006
0.04187570369917982
0.049050341928227104
0.05341244090706144
0.05647217732666405
0.058456976947494785
0.05748673953507905
0.030288791469490112
-0.039978191810788544
0.026035076718658526
0.041873140382096934
0.04905574707871247
0.05341437507756822
0.056475519849916445
0.05845839998739162
0.05746854032911944
0.03026412709643837
-0.03997368060352299
0.02605308215183791
0.041875559325022516
0.049050610918517944
0.05341244090706144
0.056472277958152316
0.058465733157407745
0.057471253643444326
0.030273068948778844
-0.04001205959438308
0.02605167786988339
0.04187494551381025
0.04905674633171204
0.05341244090706144
0.05647239283481752
0.058457645283435125
0.057465237119096416
0.03032555414009296
-0.03997677339203006
0.026052911988146403
0.04186450161354507
0.04905444387500161
0.05341340799231483
0.05647273498379305
0.05846596351941369
0.05747074959413311
0.030273549253887463
-0.040009385534460595
0.026051507712347263
0.04187430861265462
0.04905073328937755
0.05341211854531026
0.056472493466438616
0.05845735430357731
0.057487458002853126
0.030288566537866553
-0.039979528493676524
0.026035149598070247
0.0418736947870287
0.049055799528559055
0.05341437507756822
0.05647547959519702
0.05845828482043824
0.05746832584885046
0.030264567268303236
-0.03997466620257376
0.02605317938923107
0.041876113726429035
0.04905064588155838
0.05341244090706144
0.05647188131260928
0.05845709211317595
0.0574869540796665
0.030288709516261017
-0.040009318232844364
0.026050842017258394
0.04187502801272914
0.04905713769449843
0.05341244090706144
0.05647199619088893
0.058458022636156785
0.057465955689913396
0.030326341585261297
-0.03997707030624899
0.02605298491517058
0.04186458409265968
0.0490548352376811
0.053413730354066005
0.056472694730757056
0.058465848338183864
0.05747146813163858
0.030273999561838297
-0.04001003382194759
0.026051580636733424
0.04187486301521675
0.049056693880984
0.05341244090706144
0.05647174042971622
0.05845726792922664
0.057486364085903775
0.030291369366486402
-0.039978137457193245
0.026034313675176148
0.04187328474976308
0.049055834495185906
0.05341405271581719
0.05647541921322525
0.058457705929547465
0.057468164989699345
0.030264680077952164
-0.039974625501641055
0.026052343553908862
0.04187570369917982
0.0490499855302417
0.05341244090706144
0.05647184106028235
0.058457469469775224
0.05748673953507905
0.030289149476767037
-0.039978515902586886
0.02603505242561189
0.04187361229045212
0.049055390682886384
0.05341211854531026
0.056471599547525786
0.05845790746972013
0.05746574121849021
0.03032645392737773
-0.03997873112598419
0.02605308215183791
0.04186464595220911
0.04905417489202053
0.053413730354066005
0.056472634351311043
0.05846576195255913
0.05747037424413618
0.030274439643532238
-0.040010668611324934
0.02605167786988339
0.04187445298328202
0.049057085243314556
0.05341244090706144
0.056472056569351524
0.058457645283435125
0.05746617016293748
0.030326249714769465
-0.039976746400047024
0.026034410845602773
0.041872874710881795
0.04905622585857752
0.05341405271581719
0.05647537895864914
0.0584495284064323
0.057483811976338374
0.030342614270013894
-0.040013409826513004
0.026034848121499025
0.041883153502937205
0.04905251528057445
0.053415342162821615
0.056476413781403924
0.05846689394379665
0.0574544158454272
0.030308840362548797
-0.0399437168992441
0.026037948875856556
0.04188507977629652
0.04905223556648814
0.05341082909830583
0.05646925154701844
0.058465701366291374
0.057490224543928756
0.030236231423684274
-0.04000777912156704
0.026068108508571664
0.04186669858311661
0.04906191740710506
0.05341405271581719
0.05647452528938808
0.05844970426441414
0.057484155026492914
0.03034629549185005
-0.040012667386240874
0.02607025093351297
0.04186663435661624
0.04904907366520499
0.053413730354066005
0.0564755802321034
0.058466577194429804
0.057452893124892185
0.030311509928311418
-0.04001485432632272
0.026034483723898758
0.041882844075466656
0.04905234045889667
0.05341018437480347
0.05646913079535978
0.05846489210489761
0.05749051387861311
0.030237214992289988
-0.03994785066277055
0.026035718284626592
0.041862985090799845
0.049059545040479366
0.05341340799231483
0.056474384401304895
0.058449387599907775
0.0574826320533083
0.030219626266029417
-0.040007184655089345
0.02606681060624448
0.04186638927142377
0.04904775295214942
0.05341405271581719
0.05647613199420791
0.05844865850451114
0.05748402651300287
0.030342532776031307
-0.040012423911979365
0.02603475094780822
0.04188307098849791
0.04905246283394027
0.05341082909830583
0.05646863352642686
0.05846553159214136
0.05744903195707959
0.03030908590708017
-0.03994371737425602
0.026036918603837354
0.041862719360245604
0.04905966743279892
0.05341276326881261
0.05646966831772436
0.05846630906582647
0.05748950609854513
0.030238501858195207
-0.04000609089273107
0.02606801121545906
0.04186661609955145
0.049061169648791696
0.05341405271581719
0.0564749219328576
0.0584498194159943
0.05748343654102909
0.03034822898344987
-0.0400116679456617
0.026033176226659224
0.04188282600226263
0.049052585209594476
0.053415342162821615
0.05647633327048956
0.058467184884317125
0.05745404059300534
0.030311417937602936
-0.039943972635851865
0.02603718584899844
0.04188522418213934
0.04905230549471065
0.053410506736554654
0.056469171045855436
0.05846547100441049
0.057490728430480725
0.030236457462333114
-0.039946851856978
0.026036554187458646
0.04186241007460008
0.04905915367667445
0.053413730354066005
0.05647408839298573
0.058449502750240426
0.057482846581165425
0.030345497049021466
-0.04001496340852411
0.026069512479589527
0.041866306789077594
0.0490487871898566
0.053413730354066005
0.056476192376941764
0.05846588312240932
0.05745251788626672
0.030312051911439455
-0.040016137445118345
0.026034653774842795
0.04188251657599252
0.049052427869579945
0.053409862013052437
0.05646903016937219
0.05846515425978856
0.05744924636994217
0.030307306085124275
-0.039944068918651196
0.026036821425138943
0.04186214434145375
0.0490596324635023
0.053413085630563795
0.05647430389414431
0.0584496498192457
0.05748406900476764
0.030218502237144777
-0.04000912950938331
0.0260669808600789
0.04186653361631162
0.04904819675589993
0.05341405271581719
0.05647533870413041
0.0584484569924539
0.05748271805020235
0.030342399194235828
-0.04001471985847342
0.02603401217719928
0.04188274348814364
0.049052193846566214
0.053415342162821615
0.0564763735259182
0.058466315047598603
