0
0
0
0
0
0
0
0
0
0
0
0
0
0
0
0
0
0
0
0
0
0
0
0
0
0.4224138271370988
0.031145366686144083
0.026235428628479204
0.05745326729509503
0.08153817444514744
0.08120133095299285
0.03892450966368855
0.04385078573545974
0.43944281959080006
0
0.7284102035015318
0.0968327590728369
0.018490287822963247
0.06463735698854524
0.08866079523784677
0.09405377994817889
0.07630085160264698
0.03210922497789912
0.3766037482588158
0
0.8302689905796381
0.1340213797543402
0.0011366232689053928
0.05314295240940002
0.09228870741648536
0.11930784887153804
0.09807561417436976
0.016447610704477495
0.5192983264190237
0
0.9553601919216311
0.16919510178665423
0.003214992675307811
0.058657098994838806
0.08535709550884067
0.09644685565828694
0.08463448093133907
0.005762837626485002
0.5505786612852605
0
0.9355911014021673
0.1664200915749882
0.006255267922456202
0.05580072924604524
0.08535709550884067
0.09644678866134433
0.08463535966761511
0.005761205061000216
0.5505698783654145
0
0.9355928210851016
0.16642257658375606
0.00625431394064017
0.055801423898403014
0.08535709550884067
0.09644685565828694
0.08463467292832859
0.005758118643577758
0.5505874147500156
0
0.9356142805067582
0.16642394015688236
0.006257199907841256
0.05580072924604524
0.08535709550884067
0.09644748331273703
0.08463478367719962
0.005758472942597132
0.5505858990749448
0
0.935602945143737
0.16642481999715195
0.006255267922456202
0.05580069048396403
0.08535583887143897
0.0964467216644948
0.08463335845289115
0.005759371777641609
0.5505804355421445
0
0.935602690908708
0.16642272818038745
0.006257193901011865
0.05580072924604524
0.08535583887143897
0.09644616100641171
0.08463265695993898
0.005764454464592438
0.5505749720524827
0
0.9356037526533482
0.16642012103347667
0.006257199907841256
0.055802118550760595
0.08535646719013983
0.09644817796412952
0.08463439968358921
0.005765565553914809
0.5505608958014898
0
0.9355720622111855
0.16642551586448562
0.00625432594878076
0.0558007680081803
0.08535709550884067
0.0964467216644948
0.0846365263971354
0.005759189916143659
0.5505679339547719
0
0.9355901891321399
0.16642400121920756
0.006256233914221389
0.055800034593687466
0.08535709550884067
0.09644616100641171
0.08463380894187582
0.005757937828602224
0.5505795189482793
0
0.9355782384094717
0.16643354735692534
0.006256251931978895
0.055798028157077774
0.08535646719013983
0.09644387606602792
0.08463482792815884
0.005754987216090228
0.5505747723906596
0
0.9356081467429677
0.16643330572041976
0.006258159895553308
0.055797989396819035
0.0853552105527381
0.09644463771176436
0.08463201447654517
0.005754098840650826
0.5505863573466895
0
0.9356047072447747
0.16642454680727328
0.006256233914221389
0.05580072924604524
0.08535709550884067
0.09644546635453648
0.08463188897198103
0.005756301069167647
0.5505484165992248
0
0.9355911883513262
0.16642460575533918
0.006251451984202322
0.05580080677036902
0.0853596087836441
0.09644734931816598
0.08463713188318561
0.00575953478526234
0.5505343402960091
0
0.9355745890998195
0.166416028705306
0.00624952000614391
0.05580354661954137
0.08536023710234496
0.09644887261552222
0.08463614240389361
0.005761918886483617
0.5505669802593227
0
0.9355836516349351
0.16641890906392728
0.006251433980268476
0.055802118550760595
0.08535772382754153
0.09645006092080018
0.08463620139984197
0.005764606971759
0.5505549962824791
0
0.9356102702990798
0.16642078661248577
0.006253371963313005
0.05580219607701474
0.08535772382754153
0.09644804396859359
0.08463569191129396
0.0057626264206065096
0.5505639491044322
0
0.9355963028689153
0.16642021156159653
0.0062523999692804645
0.05580215731386074
0.08535772382754153
0.09644748331273703
0.08463374244613293
0.005760463994235673
0.5505742180251952
0
0.93558759956178
0.16641796948526488
0.006259143918070492
0.05580223484022259
0.08535583887143897
0.09645006092080018
0.08462622506079107
0.005776609749856667
0.5506568653383288
0
0.9356289030706075
0.1664213019382875
0.006258141872335412
0.0557959441971092
0.08535646719013983
0.09644387606602792
0.08463826159747792
0.005742076138612958
0.550503535207987
0
0.9355836334947207
0.16643272986246052
0.0062533959760924275
0.05580285196670105
0.08535458223403725
0.09644748331273703
0.08463968681691601
0.0057482803170502365
0.5504937687560737
0
0.9356130942589241
0.16641124056701126
0.006257223935273483
0.05580559181254947
0.08535835214624239
0.09644616100641171
0.08463994531957236
0.005752664872171701
0.5505365731693677
0
0.9355958367165385
0.16641390880530313
0.006256251931978895
0.05579957250915731
0.08535646719013983
0.09644645367802733
0.08462705207994349
0.0057647489936375924
0.5506185609066349
0
0.9356325348374167
0.16642281578567847
0.006254319944704701
0.05579393775202913
0.08535458223403725
0.09644513137557946
0.08462404661677957
0.005763859614537599
0.5506294882373146
0
0.9355975117549443
0.16643915412619723
0.0062523879648490955
0.055797372263584964
0.08535583887143897
0.09644797697096515
0.08462881702014911
0.00576478988041963
0.5506026149613795
0
0.9357094634164316
0.16641257247049565
0.006268767903908339
0.05580705865027456
0.08534955568443058
