0
0
0
0
0
0
0
0
0
0
0
0
0
0
0
0
0
0
0
0
0.0005469587
0.01268335
0.04985596
0.1053116
0.1611695
0.1952459
0.1934868
0.1582217
0.1066143
0.05045517
0.006810716
-0.002681643
0.03132961
0.09138428
0.15138
0.1883551
0.1881051
0.1490025
0.08716368
0.02841575
-0.004670082
0.0009425521
0.04314017
0.1058047
0.1650006
0.1981166
0.1925039
0.1503064
0.08764176
0.02844612
-0.004670054
0.0009425742
0.04314015
0.1058047
0.1650006
0.1981165
0.1925039
0.1503064
0.08764179
0.02844611
-0.004670091
0.0009424868
0.0431401
0.1058047
0.1650006
0.1981164
0.1925039
0.1503065
0.08764185
0.02844614
-0.004670071
0.0009426019
0.0431402
0.1058046
0.1650006
0.1981166
0.192504
0.1503065
0.08764182
0.02844615
-0.004669978
0.0009425794
0.04314008
0.1058046
0.1650005
0.1981165
0.192504
0.1503065
0.08764192
0.02844623
-0.004669943
0.0009426389
0.04314027
0.1058047
0.1650006
0.1981167
0.192504
0.1503067
0.08764207
0.02844627
-0.004669983
0.0009425479
0.04314024
0.1058046
0.1650006
0.1981165
0.1925039
0.1503065
0.08764183
0.02844619
-0.004670122
0.0009422694
0.04313983
0.1058043
0.1650002
0.1981162
0.1925036
0.1503063
0.08764172
0.02844604
-0.004670222
0.0009424195
0.04314008
0.1058044
0.1650005
0.1981167
0.1925041
0.1503067
0.0876421
0.02844641
-0.004669819
0.0009426918
0.04314025
0.1058047
0.1650006
0.1981167
0.1925039
0.1503065
0.08764174
0.02844604
-0.004670118
0.0009425535
0.04314014
0.1058043
0.1650003
0.1981168
0.1925043
0.1503071
0.08764266
0.02844693
-0.004669529
0.0009427551
0.04314005
0.1058044
0.1650005
0.1981166
0.1925041
0.1503069
0.08764218
0.02844636
-0.004670022
0.0009424157
0.04313999
0.1058044
0.1650005
0.1981166
0.192504
0.1503066
0.08764193
0.02844609
-0.004670168
0.0009419951
0.0431392
0.1058038
0.1649997
0.198116
0.1925037
0.1503064
0.08764212
0.02844642
-0.004670104
0.0009421266
0.0431396
0.105804
0.1650001
0.1981163
0.1925041
0.1503068
0.08764212
0.02844634
-0.004670024
0.0009424227
0.04313999
0.1058044
0.1650005
0.1981165
0.1925042
0.1503071
0.08764249
0.02844657
-0.004669996
0.0009421823
0.04313949
0.1058039
0.1649998
0.198116
0.1925039
0.1503068
0.08764226
0.0284465
-0.004669957
0.0009423241
0.04313976
0.1058042
0.1650003
0.1981164
0.1925041
0.1503068
0.08764213
0.02844633
-0.004670043
0.0009424135
0.04314001
0.1058044
0.1650003
0.1981166
0.1925045
0.1503072
0.08764226
0.02844679
-0.004669615
0.0009427828
0.04314026
0.1058042
0.1650008
0.1981166
0.1925041
0.1503071
0.08764266
0.02844653
-0.004670199
0.0009421502
0.04313912
0.1058037
0.1649994
0.198116
0.1925039
0.1503068
0.08764252
0.02844629
-0.00466985
0.0009422422
0.04313941
0.1058044
0.1649999
0.1981165
0.1925042
0.1503067
0.08764265
0.02844612
-0.004669824
0.0009424137
0.04313959
0.1058047
0.1650002
0.1981165
0.1925048
0.1503077
0.08764309
0.02844709
-0.004669339
0.0009429461
0.0431401
0.1058041
0.1650003
0.1981165
0.1925043
0.1503071
0.08764232
0.02844697
-0.004670038
0.0009424324
0.04314002
0.1058039
0.1650005
0.1981163
0.1925038
0.1503069
0.08764179
0.02844666
-0.004670147
0.000942172
0.04313949
0.1058038
0.1649999
0.1981162
0.192504
0.1503069
0.08764264
0.02844664
-0.004669588
0.0009424994
0.04313951
0.1058042
0.1649998
0.1981164
0.192504
0.1503067
0.08764275
0.02844623
-0.004669739
0.0009424561
0.04313958
0.1058045
0.1650001
0.1981166
0.1925041
0.1503065
0.08764262
0.02844659
-0.004670193
0.0009418072
0.04313919
0.1058033
0.1649995
0.1981156
0.1925035
0.1503067
0.0876423
0.02844661
-0.004670239
0.0009422429
0.0431396
0.1058036
0.1650003
0.1981162
0.192504
0.1503071
0.08764206
0.02844685
-0.004670069
0.0009423975
0.04314002
0.1058039
0.1650006
0.1981165
0.1925042
0.1503075
0.08764312
0.02844715
-0.004669663
0.000942592
0.04313979
0.1058041
0.1649998
0.1981164
0.1925044
0.1503071
0.08764298
0.02844663
-0.004669555
0.000942396
0.04313936
0.1058043
0.1649997
0.1981165
0.1925042
0.1503067
0.08764275
0.02844623
-0.004669747
0.0009424459
0.04313936
0.1058037
0.1650001
0.1981165
0.1925044
0.1503075
0.08764305
0.02844733
-0.004669499
0.0009425686
0.04313972
0.1058037
0.1650002
0.1981162
0.1925042
0.1503073
0.0876424
0.02844705
-0.004670023
0.0009422905
0.04313978
0.1058037
0.1650003
0.1981162
0.192504
0.1503071
0.08764203
0.02844675
-0.004669997
0.0009417663
0.04313874
0.1058032
0.1649994
0.1981158
0.1925036
0.1503067
0.08764278
0.02844661
-0.004669938
0.0009419316
0.0431391
0.1058038
0.1649994
0.1981163
0.1925043
0.1503068
0.087643
0.02844641
-0.004669686
0.000942345
0.04313933
0.1058043
0.1649998
0.1981165
0.1925046
0.1503074
0.08764315
0.02844713
-0.004669381
0.0009422056
0.04313892
0.1058037
0.165
0.1981162
0.1925043
0.1503073
0.08764313
0.02844665
-0.004669629
0.0009420844
0.04313955
0.1058044
0.1649994
0.1981162
0.192504
0.1503065
0.087643
0.02844677
-0.004669474
0.0009425195
0.04313911
0.1058039
0.1649999
0.1981166
0.1925051
0.150308
0.08764341
0.02844751
-0.004669568
0.0009430778
0.04314023
0.1058035
0.1649999
0.1981162
0.1925044
0.1503078
0.08764299
0.02844732
-0.004670088
0.000941937
0.04313921
0.1058035
0.1650005
0.1981163
0.1925043
0.150307
0.0876418
0.02844695
-0.004669922
0.0009419359
0.04313863
0.105803
0.1649992
0.1981154
0.192504
0.1503073
0.08764289
0.02844686
-0.00467007
0.0009415798
0.04313913
0.1058039
0.1649991
0.1981162
0.1925041
0.1503067
0.08764324
0.02844696
-0.004669413
0.000942421
0.04313894
0.1058036
0.1649995
0.1981166
0.1925046
0.1503071
0.08764307
0.02844717
-0.004670179
0.0009415481
0.04313911
0.105803
0.1649992
0.1981152
0.1925035
0.1503077
0.08764305
0.02844713
-0.004669951
0.0009419486
0.04313901
0.1058033
0.1650005
0.1981163
0.1925046
0.1503073
0.08764199
0.02844693
-0.004669977
0.0009424827
0.04314002
0.1058035
0.1649999
0.1981165
0.1925046
0.150308
0.08764361
0.02844777
-0.004669182
0.0009423571
0.04313987
0.1058043
0.1649999
0.1981168
0.1925044
0.1503071
0.08764351
0.0284471
-0.004669324
0.0009424551
0.04313895
0.1058036
0.1649993
0.1981166
0.1925045
0.1503071
0.08764289
0.02844611
-0.004669833
0.0009422296
0.04313909
0.1058031
0.1649996
0.1981163
0.192504
0.1503074
0.0876431
0.02844756
-0.004669304
0.0009419085
0.04313883
0.1058035
0.1649998
0.1981161
0.1925044
0.1503072
0.08764217
0.02844721
-0.004669813
0.0009424806
0.04314
0.1058033
0.1649996
0.198116
0.1925039
0.1503075
0.08764274
0.02844696
-0.004669922
0.0009414089
0.04313837
0.105803
0.164999
0.198116
0.1925036
0.1503064
0.08764304
0.02844681
-0.004669651
0.0009421551
0.04313866
0.1058033
0.164999
0.1981166
0.1925046
0.1503073
0.08764312
0.02844631
-0.004669803
0.0009421399
0.04313934
0.1058045
0.1649996
0.1981164
0.1925047
0.150308
0.08764365
0.02844746
-0.004668881
0.0009424385
0.04313912
0.1058035
0.1649996
0.1981165
0.192505
0.1503074
0.08764285
0.02844763
-0.00466963
0.0009424392
0.04313976
0.1058031
0.1649994
0.1981159
0.192504
0.1503077
0.087643
0.02844734
-0.004670034
0.0009419669
0.04313924
0.1058034
0.1649994
0.1981166
0.1925051
0.1503075
0.08764363
0.02844744
-0.004668812
0.0009429572
0.04313885
0.1058032
0.1649993
0.1981165
0.1925044
0.1503075
0.08764334
0.02844647
-0.004669709
0.0009420475
0.04313914
0.1058042
0.1649994
0.1981163
0.1925042
0.1503066
0.08764331
0.02844698
-0.004669866
0.0009416167
0.04313817
0.1058026
0.1649985
0.1981156
0.1925043
0.150307
0.08764262
0.02844708
-0.004670165
0.0009420739
0.04313914
0.1058026
0.1649993
0.1981157
0.1925042
0.1503081
0.08764327
0.02844754
-0.004669991
0.0009418777
0.04313903
0.1058033
0.1650002
0.1981163
0.1925045
0.1503078
0.08764379
0.02844737
-0.004669812
0.0009425616
0.04313885
0.1058031
0.1649986
0.1981157
0.1925047
0.1503081
0.08764345
0.02844702
-0.004669415
0.0009420019
0.043139
0.105804
0.1649991
0.1981162
0.1925043
0.1503069
0.08764352
0.02844718
-0.004669297
0.0009423551
0.04313872
0.1058034
0.1649993
0.1981165
0.1925053
0.1503084
0.08764392
0.02844799
-0.004669413
0.0009429274
0.04313976
0.1058031
0.1649995
0.1981161
0.1925046
0.1503083
0.08764362
0.02844775
-0.004669928
0.0009417862
0.04313881
0.105803
0.165
0.1981162
0.1925046
0.1503074
0.08764239
0.02844738
-0.004669758
0.0009417774
0.04313823
0.1058025
0.1649988
0.1981153
0.1925042
0.1503078
0.08764343
0.02844728
-0.004669887
0.0009414272
0.04313876
0.1058034
0.1649986
0.1981161
0.1925042
0.1503071
0.08764377
0.0284474
-0.004669278
0.0009422675
0.04313852
0.1058031
0.1649989
0.1981165
0.1925046
0.1503075
0.08764354
0.02844758
-0.00467003
0.0009413976
0.0431387
0.1058025
0.164999
0.1981153
0.1925038
0.1503081
0.08764368
0.02844756
-0.004669748
0.0009417981
0.04313861
0.1058028
0.1649998
0.1981161
0.1925047
0.1503077
0.08764271
0.02844757
-0.004669684
0.0009422915
0.04313953
0.1058028
0.1649994
0.1981162
0.1925051
0.1503088
0.08764429
0.02844837
-0.004669015
0.0009420751
0.04313925
0.1058037
0.1649992
0.1981166
0.1925046
0.1503078
0.08764423
0.02844768
-0.004669172
0.0009421644
0.04313829
0.1058029
0.1649986
0.1981165
0.1925048
0.1503078
0.08764362
0.02844667
-0.004669661
0.0009419179
0.04313846
0.1058024
0.164999
0.1981162
0.1925042
0.1503076
0.08764216
0.02844776
-0.004668467
0.0009411196
0.04313703
0.1058013
0.1649997
0.1981151
0.192502
0.1503069
0.08764359
0.02844639
-0.004671571
0.0009407365
0.04313762
0.1058008
0.1649984
0.1981157
0.1925028
0.1503055
0.08764214
0.02844779
-0.00467164
0.0009395553
0.0431371
0.1058025
0.1649966
0.1981135
0.192504
0.1503076
0.08764178
0.02844635
-0.004669607
0.0009400889
0.04313643
0.105803
0.1649989
0.1981142
0.1925028
0.1503079
0.08764488
0.02844629
-0.004669514
0.0009435962
0.04313944
0.1058027
0.1649997
0.1981182
0.1925058
0.1503089
0.08764596
0.02845026
-0.00466979
0.0009424442
0.04314121
0.1058043
0.1649983
0.1981162
0.1925062
0.1503097
0.08764395
0.02844912
-0.004668093
0.0009425739
0.04313939
0.1058044
0.1650009
0.1981166
0.1925065
0.1503101
0.08764336
0.02844756
-0.004667699
0.00094373
0.04313879
0.1058017
0.1650004
0.1981171
0.1925045
0.1503085
0.08764588
0.02844875
-0.004670038
0.000942496
0.04314034
0.1058028
0.1649978
0.1981178
0.1925059
0.1503069
0.08764353
0.02844908
-0.004668825
0.0009406435
0.04313692
0.1058028
0.1649975
0.1981146
0.1925038
0.1503069
0.08764192
0.0284455
-0.004670057
0.0009400206
0.04313562
0.1058001
0.1649987
0.1981142
0.1925013
0.1503069
0.08764404
0.02844657
-0.004671308
0.0009407161
0.04313718
0.1058003
0.164998
0.1981156
0.192503
0.150306
0.08764265
0.02844819
-0.004671476
0.0009405623
0.04313974
0.1058031
0.1649976
0.1981155
0.1925056
0.1503094
0.08764351
0.02844853
-0.004667824
0.0009413387
0.04313745
0.1058035
0.165
0.1981153
0.1925037
0.1503091
0.08764578
0.02844685
-0.004669323
0.0009433964
0.04313905
0.1058022
0.1649993
0.198118
0.1925059
0.1503093
0.08764604
0.02844842
-0.004669107
0.0009435572
0.04314066
0.1058039
0.1649984
0.198118
0.192507
0.1503098
0.08764445
0.02845022
-0.004666793
0.0009422346
0.04313857
0.1058043
0.1649998
0.1981161
0.1925065
0.1503104
0.08764381
0.02844794
-0.004667593
0.0009435209
0.04313834
0.1058013
0.165
0.1981159
0.1925031
0.1503073
0.08764424
0.02844709
-0.004671541
0.0009405946
0.04313738
0.1058002
0.164996
0.1981163
0.1925042
0.1503056
0.08764264
0.02844849
-0.004669498
0.0009400592
0.04313644
0.1058022
0.1649971
0.1981146
0.1925039
0.1503074
0.0876424
0.02844582
-0.004669772
0.0009398805
0.04313621
0.1058028
0.164999
0.198114
0.1925029
0.1503081
0.08764509
0.02844646
-0.00467061
0.0009415137
0.04313744
0.1058003
0.1649976
0.1981167
0.1925044
0.1503067
0.08764409
0.02844887
-0.004671466
0.0009401165
0.04313905
0.1058026
0.1649974
0.1981156
0.1925063
0.15031
0.08764417
0.02844912
-0.004668378
0.0009421083
0.04313895
0.1058042
0.1650008
0.1981168
0.1925071
0.1503115
0.08764689
0.02844789
-0.004667938
0.0009446371
0.04313909
0.1058021
0.1649999
0.198118
0.1925062
0.1503099
0.0876466
0.02844859
-0.004669279
0.0009429714
0.04314001
0.1058034
0.1649982
0.1981183
0.1925064
0.1503073
0.08764379
0.02844907
-0.004669094
0.0009401997
0.04313651
0.1058025
0.1649978
0.1981146
0.1925056
0.1503096
0.0876434
0.0284466
-0.004669004
0.000942445
0.04313686
0.1058003
0.1649997
0.198116
0.1925036
0.1503081
0.0876447
0.02844729
-0.004671722
0.0009400626
0.04313674
0.1058
0.1649981
0.1981157
0.1925035
0.1503063
0.08764298
0.02844816
-0.004671827
0.0009389009
0.04313622
0.1058017
0.1649962
0.1981135
0.1925047
0.1503085
0.08764262
0.02844676
-0.004669772
0.0009394329
0.04313558
0.1058023
0.1649985
0.1981144
0.1925035
0.1503087
0.08764557
0.02844664
-0.004669706
0.0009429265
0.04313855
0.105802
0.1649993
0.1981183
0.1925062
0.1503097
0.08764674
0.02845063
-0.004669967
0.0009418
0.04314029
0.1058034
0.164998
0.1981162
0.1925069
0.1503107
0.0876447
0.02844949
-0.004668252
0.0009419335
0.0431385
0.1058037
0.1650004
0.1981167
0.1925072
0.1503109
0.08764414
0.02844793
-0.004667868
0.0009430848
0.04313792
0.105801
0.1650001
0.1981171
0.1925051
0.1503094
0.08764664
0.02844915
-0.004670211
0.000941857
0.0431395
0.1058021
0.1649973
0.1981179
0.1925064
0.1503077
0.08764435
0.02844944
-0.004668983
0.0009400092
0.04313609
0.105802
0.164997
0.1981147
0.1925044
0.1503078
0.0876427
0.02844587
-0.004670228
0.0009393546
0.04313468
0.1057992
0.1649985
0.1981144
0.1925021
0.1503077
0.08764482
0.02844695
-0.004671434
0.0009400615
0.04313628
0.1057996
0.1649976
0.1981157
0.1925037
0.1503068
0.08764341
0.02844857
-0.004671646
0.00093992
0.04313883
0.1058023
0.1649972
0.1981155
0.1925064
0.1503103
0.08764433
0.0284489
-0.004667998
0.0009407125
0.04313659
0.1058028
0.1649995
0.1981153
0.1925042
0.15031
0.08764651
0.02844723
-0.004669479
0.0009427326
0.04313812
0.1058014
0.164999
0.1981182
0.1925065
0.1503102
0.08764692
0.02844877
-0.004669223
0.0009429017
0.04313979
0.1058032
0.164998
0.1981183
0.1925077
0.1503106
0.08764526
0.0284506
-0.004666961
0.0009415567
0.04313767
0.1058035
0.1649994
0.1981161
0.1925072
0.1503113
0.08764461
0.0284483
-0.004667729
0.0009428664
0.04313744
0.1058004
0.1649997
0.1981159
0.1925036
0.1503083
0.08764494
0.02844748
-0.004671664
0.0009399783
0.04313652
0.1057994
0.1649956
0.1981164
0.1925047
0.1503065
0.08764342
0.02844887
-0.004669638
0.0009393995
0.04313557
0.1058014
0.1649966
0.1981146
0.1925046
0.1503082
0.0876433
0.02844626
-0.004670118
0.0009391912
0.04313527
0.105802
0.1649983
0.1981143
0.1925036
0.150309
0.08764586
0.02844679
-0.004670619
0.0009411593
0.04313677
0.1057995
0.1649971
0.1981166
0.1925047
0.1503074
0.08764485
0.02844945
-0.004671318
0.000939816
0.04313841
0.1058018
0.1649967
0.1981155
0.1925065
0.1503108
0.0876449
0.02844968
-0.004668207
0.0009418284
0.04313827
0.1058034
0.1650002
0.1981167
0.1925073
0.150312
0.08764765
0.02844846
-0.004667788
0.0009443326
0.04313843
0.1058013
0.1649994
0.1981179
0.1925065
0.1503106
0.0876473
0.02844917
-0.004669114
0.0009426934
0.04313938
0.1058027
0.1649977
0.1981181
0.1925066
0.1503079
0.08764458
0.02844962
-0.004668919
0.0009399168
0.0431359
0.1058018
0.1649972
0.1981144
0.1925059
0.1503103
0.0876442
0.02844719
-0.00466885
0.000942156
0.04313622
0.1057996
0.1649991
0.1981158
0.1925039
0.1503086
0.08764541
0.02844785
-0.004671578
0.0009397498
0.04313606
0.1057993
0.1649975
0.1981157
0.1925037
0.150307
0.08764364
0.02844874
-0.004671647
0.0009385885
0.04313553
0.1058009
0.1649956
0.1981134
0.192505
0.1503091
0.08764334
0.0284473
-0.004669564
0.0009391709
0.04313497
0.1058015
0.1649979
0.1981141
0.1925037
0.1503094
0.0876464
0.02844722
-0.004669519
0.0009426465
0.04313793
0.1058012
0.1649988
0.1981181
0.1925066
0.1503104
0.08764751
0.02845119
-0.004669793
0.0009415344
0.04313967
0.1058028
0.1649974
0.198116
0.1925072
0.1503113
0.08764553
0.02845008
-0.00466809
0.0009416468
0.04313784
0.1058029
0.1649998
0.1981165
0.1925074
0.1503116
0.08764488
0.02844851
-0.004667691
0.0009427966
0.04313723
0.1058002
0.1649996
0.1981169
0.1925055
0.15031
0.08764729
0.0284497
-0.004670028
0.0009415386
0.04313885
0.1058014
0.1649968
0.1981177
0.1925067
0.1503084
0.08764501
0.02845002
-0.004668794
0.0009397096
0.04313542
0.1058012
0.1649966
0.1981146
0.1925048
0.1503084
0.08764348
0.02844645
-0.00467007
0.0009390719
0.04313408
0.1057985
0.1649977
0.1981141
0.1925024
0.1503084
0.08764557
0.02844751
-0.004671284
0.000939755
0.04313567
0.1057988
0.1649972
0.1981156
0.1925039
0.1503075
0.08764422
0.02844911
-0.004671473
0.0009396016
0.04313819
0.1058017
0.1649966
0.1981154
0.1925066
0.150311
0.08764507
0.02844948
-0.004667805
0.000940418
0.04313593
0.105802
0.164999
0.1981152
0.1925046
0.1503106
0.08764726
0.02844781
-0.004669321
0.0009424284
0.04313749
0.1058006
0.1649984
0.198118
0.1925069
0.1503108
0.08764759
0.02844936
-0.00466907
0.000942617
0.04313916
0.1058025
0.1649974
0.1981181
0.1925078
0.1503112
0.08764596
0.02845116
-0.004666764
0.0009412747
0.04313706
0.1058028
0.1649988
0.1981159
0.1925074
0.1503118
0.08764542
0.02844887
-0.004667564
0.000942614
0.04313681
0.1057998
0.164999
0.1981159
0.1925041
0.1503089
0.08764563
0.02844804
-0.004671511
0.0009396594
0.04313582
0.1057987
0.164995
0.1981163
0.192505
0.1503071
0.08764414
0.02844944
-0.004669469
0.0009391303
0.04313494
0.1058006
0.1649961
0.1981145
0.192505
0.150309
0.08764397
0.02844683
-0.004669966
0.0009388903
0.0431346
0.1058012
0.1649977
0.1981141
0.1925039
0.1503095
0.08764663
0.02844734
-0.004670457
0.0009408477
0.04313614
0.1057988
0.1649965
0.1981165
0.1925051
0.150308
0.08764557
0.02845
-0.004671145
0.0009395281
0.04313776
0.1058011
0.1649962
0.1981153
0.1925069
0.1503114
0.08764567
0.02845023
-0.004668013
0.0009415541
0.04313765
0.1058027
0.1649996
0.1981164
0.1925076
0.1503128
0.08764842
0.02844903
-0.004667609
0.0009440402
0.04313781
0.1058006
0.1649988
0.1981177
0.1925069
0.1503111
0.08764796
0.02844974
-0.004668926
0.0009424256
0.04313871
0.105802
0.1649972
0.1981179
0.1925068
0.1503087
0.08764524
0.0284502
-0.004668762
0.0009396058
0.04313524
0.105801
0.1649968
0.1981141
0.1925062
0.1503108
0.08764491
0.02844776
-0.004668637
0.0009418544
0.04313558
0.1057985
0.1649957
0.1981166
0.1925041
0.1503071
0.08764561
0.02845048
-0.004670595
0.0009389479
0.04313706
0.1058008
0.1649975
0.1981151
0.1925071
0.1503117
0.08764651
0.0284487
-0.004666636
0.0009456102
0.04313889
0.1058022
0.1650003
0.1981184
0.1925075
0.1503115
0.0876485
0.02845103
-0.004669376
0.0009422842
0.04314085
0.1058032
0.1649988
0.198119
0.1925077
0.1503083
0.08764527
0.02844882
-0.004671214
0.0009375687
0.04313302
0.1058
0.1649958
0.1981137
0.1925056
0.15031
0.08764309
0.02844661
-0.004670744
0.0009382016
0.04313247
0.1057957
0.1649968
0.1981149
0.1925041
0.1503102
0.08764806
0.02844967
-0.004670274
0.0009401178
0.04313526
0.1057985
0.1649975
0.1981149
0.1925042
0.1503101
0.08764607
0.02845153
-0.004670262
0.0009399209
0.04313723
0.1058009
0.1649947
0.1981128
0.1925051
0.1503094
0.08764467
0.02844892
-0.004668137
0.0009395479
0.04313441
0.1057995
0.1649974
0.1981131
0.1925012
0.1503082
0.08764499
0.02844679
-0.004669952
0.0009421206
0.04313761
0.1058017
0.1649991
0.1981189
0.1925078
0.1503112
0.08764835
0.02845083
-0.004669455
0.000942414
0.04314108
0.1058034
0.164999
0.1981192
0.1925099
0.1503143
0.08764739
0.02845134
-0.004667086
0.000940564
0.04313601
0.1058027
0.1649995
0.1981169
0.1925084
0.1503127
0.08764478
0.0284494
-0.004668426
0.0009393954
0.04313435
0.1057968
0.1649973
0.1981151
0.192504
0.15031
0.08764784
0.02844949
-0.004670333
0.0009402169
0.04313557
0.105798
0.1649935
0.1981162
0.1925067
0.1503098
0.0876463
0.02845234
-0.004666074
0.00094126
0.0431366
0.1058011
0.1649963
0.1981151
0.1925046
0.1503084
0.08764518
0.02844742
-0.004669041
0.0009393542
0.04313441
0.1057997
0.1649975
0.1981131
0.192501
0.150308
0.08764473
0.0284465
-0.004671946
0.0009388656
0.04313473
0.1057977
0.1649952
0.1981157
0.1925043
0.1503059
0.08764378
0.02844787
-0.004672362
0.000938702
0.04313791
0.1058009
0.1649973
0.1981177
0.192509
0.1503138
0.0876469
0.02845111
-0.004667149
0.0009407139
0.04313624
0.1058031
0.1649997
0.1981171
0.1925085
0.1503145
0.08765105
0.02844992
-0.004668394
0.0009421767
0.04313607
0.1057981
0.1649964
0.1981167
0.1925066
0.1503116
0.08764841
0.02844899
-0.00466834
0.0009422612
0.04313599
0.1058
0.1649946
0.1981166
0.1925069
0.1503096
0.08764601
0.02845214
-0.004666124
0.0009413888
0.04313683
0.1058014
0.1649973
0.1981145
0.1925072
0.1503124
0.08764738
0.02844948
-0.004666394
0.0009452247
0.04313806
0.1058012
0.1649994
0.1981165
0.1925045
0.1503093
0.08764517
0.02844774
-0.004672383
0.0009385173
0.0431349
0.1057978
0.1649954
0.1981157
0.1925042
0.1503056
0.08764349
0.02844767
-0.004672546
0.0009363988
0.04313199
0.1057989
0.1649948
0.1981134
0.192506
0.1503109
0.08764418
0.02844738
-0.004670517
0.0009378808
0.04313355
0.1058014
0.1649968
0.1981147
0.1925073
0.1503125
0.08765018
0.02844935
-0.004668619
0.0009422958
0.04313631
0.1057983
0.1649966
0.1981168
0.1925065
0.1503114
0.08764888
0.02845328
-0.004669623
0.0009397637
0.04313636
0.1057999
0.1649939
0.1981125
0.1925056
0.1503103
0.08764578
0.0284505
-0.004668557
0.0009418219
0.04313779
0.1058009
0.1649989
0.1981155
0.1925074
0.1503125
0.08764713
0.02844926
-0.00466648
0.0009453208
0.04313824
0.1058014
0.1649998
0.1981184
0.1925078
0.150312
0.08764922
0.02845161
-0.004669216
0.0009420062
0.04314021
0.1058023
0.1649983
0.1981188
0.192508
0.1503088
0.08764605
0.02844941
-0.004671054
0.0009372708
0.0431324
0.1057993
0.1649951
0.1981136
0.192506
0.1503106
0.08764386
0.02844716
-0.004670579
0.0009379196
0.04313185
0.105795
0.1649963
0.1981146
0.1925045
0.1503108
0.08764881
0.02845025
-0.004670108
0.0009398161
0.04313469
0.1057977
0.164997
0.1981148
0.1925046
0.1503109
0.08764675
0.02845209
-0.00467007
0.0009396541
0.0431366
0.1058002
0.1649941
0.1981126
0.1925054
0.15031
0.08764547
0.02844951
-0.004667962
0.0009392509
0.04313374
0.1057988
0.1649968
0.1981129
0.1925016
0.1503088
0.08764569
0.02844735
-0.004669745
0.0009418336
0.04313698
0.105801
0.1649985
0.1981188
0.1925081
0.150312
0.08764915
0.02845141
-0.004669277
0.0009421047
0.04314045
0.1058026
0.1649985
0.1981188
0.1925103
0.1503147
0.08764815
0.02845191
-0.004666924
0.0009402927
0.04313536
0.105802
0.1649989
0.1981167
0.1925088
0.1503133
0.08764555
0.02844996
-0.004668268
0.0009391197
0.04313366
0.1057959
0.1649969
0.1981149
0.1925044
0.1503105
0.08764848
0.02845004
-0.004670159
0.0009399191
0.04313491
0.1057972
0.1649928
0.1981161
0.192507
0.1503105
0.087647
0.0284529
-0.004665887
0.0009408094
0.04313562
0.1057995
0.1649949
0.1981144
0.192505
0.1503099
0.08764753
0.02844946
-0.004668425
0.000938548
0.04313283
0.1057978
0.1649959
0.1981122
0.1925015
0.1503095
0.08764688
0.02844841
-0.004671043
0.0009383785
0.04313307
0.1057955
0.1649933
0.198115
0.1925048
0.1503076
0.08764598
0.0284498
-0.004671458
0.000938263
0.04313628
0.1057987
0.1649953
0.1981167
0.1925095
0.1503153
0.08764907
0.02845304
-0.00466623
0.000940254
0.04313462
0.1058008
0.1649978
0.1981161
0.1925089
0.150316
0.08765326
0.02845183
-0.004667503
0.0009417457
0.04313444
0.1057959
0.1649946
0.1981156
0.1925071
0.1503132
0.08765061
0.02845091
-0.004667423
0.0009417884
0.04313431
0.1057978
0.1649926
0.1981158
0.1925074
0.1503113
0.08764812
0.02845407
-0.004665216
0.0009409228
0.04313517
0.1057993
0.1649953
0.1981137
0.1925077
0.1503139
0.08764964
0.02845141
-0.00466551
0.0009447643
0.04313641
0.105799
0.1649975
0.1981155
0.192505
0.1503109
0.0876473
0.02844963
-0.004671458
0.0009380825
0.04313326
0.1057956
0.1649935
0.198115
0.1925047
0.1503074
0.08764567
0.02844959
-0.004671604
0.0009359524
0.04313035
0.1057965
0.164993
0.1981126
0.1925065
0.1503125
0.08764638
0.0284493
-0.004669609
0.0009374195
0.04313195
0.1057991
0.164995
0.1981138
0.1925078
0.1503142
0.08765234
0.02845125
-0.004667705
0.0009418387
0.04313464
0.1057961
0.1649949
0.1981158
0.192507
0.150313
0.0876511
0.02845521
-0.004668676
0.00093932
0.04313471
0.1057977
0.1649919
0.1981117
0.192506
0.1503119
0.08764804
0.02845241
-0.004667663
0.0009413818
0.04313617
0.1057987
0.1649968
0.1981146
0.1925078
0.150314
0.08764935
0.02845118
-0.004665568
0.0009448599
0.04313663
0.1057993
0.1649978
0.1981175
0.1925082
0.1503138
0.08765139
0.02845353
-0.004668315
0.0009415598
0.04313853
0.1058002
0.1649964
0.1981178
0.1925085
0.1503105
0.08764817
0.02845129
-0.004670151
0.000936824
0.04313071
0.105797
0.1649932
0.1981126
0.1925063
0.1503122
0.08764616
0.02844908
-0.004669673
0.0009374602
0.04313019
0.1057928
0.1649945
0.1981138
0.192505
0.1503125
0.08765099
0.02845217
-0.004669181
0.0009393754
0.043133
0.1057955
0.1649952
0.1981139
0.1925049
0.1503125
0.08764903
0.02845401
-0.004669166
0.0009391892
0.04313494
0.105798
0.1649922
0.1981117
0.1925058
0.1503116
0.08764772
0.02845144
-0.004667019
0.0009388211
0.04313216
0.1057966
0.1649947
0.1981119
0.192502
0.1503105
0.08764787
0.02844928
-0.004668834
0.0009413805
0.04313537
0.1057988
0.1649965
0.1981179
0.1925085
0.1503136
0.08765128
0.02845335
-0.00466837
0.000941656
0.0431388
0.1058005
0.1649966
0.198118
0.1925108
0.1503164
0.08765028
0.02845383
-0.004666008
0.0009398567
0.04313372
0.1057997
0.1649969
0.1981159
0.1925092
0.150315
0.08764779
0.0284519
-0.004667333
0.0009386682
0.04313201
0.1057939
0.1649949
0.198114
0.1925049
0.1503122
0.08765072
0.02845196
-0.004669253
0.0009394924
0.04313324
0.105795
0.1649909
0.1981153
0.1925075
0.1503122
0.08764923
0.02845482
-0.004664985
0.0009405426
0.0431343
0.1057981
0.1649938
0.1981141
0.1925054
0.1503106
0.08764821
0.02844988
-0.004667986
0.0009385999
0.04313216
0.1057969
0.164995
0.1981121
0.1925018
0.1503102
0.08764762
0.02844896
-0.004670884
0.0009381032
0.04313246
0.1057948
0.1649926
0.1981148
0.192505
0.1503084
0.08764667
0.02845036
-0.004671309
0.0009379748
0.04313564
0.1057979
0.1649948
0.1981165
0.1925099
0.150316
0.0876498
0.0284536
-0.004666082
0.0009399616
0.04313396
0.1058
0.1649972
0.1981159
0.1925092
0.1503167
0.08765405
0.0284524
-0.004667326
0.0009414395
0.04313375
0.1057951
0.1649941
0.1981155
0.1925073
0.1503137
0.08765145
0.02845148
-0.004667278
0.0009415104
0.04313367
0.1057971
0.1649921
0.1981156
0.1925076
0.1503119
0.08764894
0.0284546
-0.00466506
0.0009406265
0.04313453
0.1057984
0.1649947
0.1981136
0.192508
0.1503146
0.08765031
0.02845195
-0.004665331
0.0009444687
0.04313577
0.1057982
0.164997
0.1981154
0.1925052
0.1503116
0.08764807
0.0284502
-0.004671311
0.0009377703
0.0431326
0.1057948
0.1649929
0.1981148
0.1925049
0.150308
0.08764636
0.02845016
-0.004671465
0.0009356616
0.04312971
0.1057959
0.1649923
0.1981123
0.1925067
0.1503129
0.08764715
0.02844985
-0.004669441
0.0009371454
0.04313124
0.1057984
0.1649944
0.1981137
0.1925081
0.1503149
0.08765309
0.02845182
-0.004667538
0.000941555
0.04313404
0.1057954
0.1649943
0.1981155
0.1925072
0.1503135
0.08765187
0.02845577
-0.004668521
0.0009390557
0.04313407
0.1057969
0.1649914
0.1981115
0.1925063
0.1503125
0.08764873
0.02845297
-0.004667516
0.0009410875
0.04313547
0.1057979
0.1649963
0.1981145
0.1925082
0.1503146
0.08765005
0.02845173
-0.004665396
0.0009445556
0.04313603
0.1057986
0.1649973
0.1981174
0.1925085
0.1503145
0.08765216
0.02845408
-0.004668131
0.0009412719
0.0431379
0.1057994
0.1649959
0.1981178
0.1925087
0.1503112
0.08764893
0.02845188
-0.004669966
0.0009365296
0.04313012
0.1057963
0.1649925
0.1981124
0.1925067
0.1503128
0.08764688
0.02844965
-0.004669507
0.0009371886
0.04312957
0.1057921
0.1649938
0.1981136
0.1925052
0.150313
0.08765174
0.02845274
-0.004669018
0.0009390967
0.04313238
0.1057948
0.1649947
0.1981138
0.1925053
0.1503131
0.08764978
0.02845457
-0.004668995
0.0009388982
0.04313427
0.1057972
0.1649915
0.1981116
0.1925063
0.1503122
0.08764838
0.028452
-0.004666864
0.0009385218
0.04313144
0.1057958
0.1649942
0.1981118
0.1925023
0.1503109
0.08764868
0.02844985
-0.004668691
0.0009411042
0.04313472
0.1057981
0.164996
0.1981177
0.1925089
0.1503143
0.08765198
0.02845388
-0.004668219
0.0009413571
0.04313814
0.1057997
0.1649961
0.1981179
0.1925111
0.1503171
0.08765107
0.02845438
-0.004665855
0.0009395604
0.04313308
0.105799
0.1649963
0.1981158
0.1925096
0.1503156
0.08764852
0.02845245
-0.004667178
0.0009383901
0.04313137
0.1057931
0.1649945
0.1981139
0.1925051
0.1503128
0.08765148
0.02845254
-0.004669081
0.0009391973
0.04313264
0.1057943
0.1649904
0.198115
0.1925077
0.1503127
0.08764999
0.02845537
-0.004664826
0.0009402139
0.04313365
0.1057973
0.1649932
0.1981139
0.1925058
0.1503114
0.08764894
0.02845047
-0.004667819
0.0009383108
0.04313143
0.105796
0.1649943
0.1981118
0.1925022
0.1503108
0.08764839
0.02844953
-0.004670742
0.0009378133
0.04313181
0.105794
0.164992
0.1981145
0.1925054
0.150309
0.08764743
0.02845092
-0.004671143
0.0009376823
0.04313495
0.1057972
0.1649944
0.1981164
0.1925102
0.1503167
0.08765054
0.02845417
-0.004665892
0.0009396638
0.0431333
0.1057992
0.1649966
0.1981159
0.1925095
0.1503173
0.08765478
0.02845298
-0.004667152
0.0009411448
0.04313317
0.1057944
0.1649936
0.1981154
0.1925076
0.1503144
0.08765212
0.02845204
-0.0046671
0.0009412185
0.04313306
0.1057963
0.1649916
0.1981155
0.1925078
0.1503125
0.0876497
0.02845517
-0.004664888
0.0009403424
0.04313388
0.1057978
0.1649942
0.1981133
0.1925084
0.1503153
0.08765113
0.02845252
-0.004665175
0.0009441389
0.04313514
0.1057975
0.1649964
0.1981152
0.1925056
0.1503121
0.08764888
0.02845078
-0.004671145
0.0009374844
0.04313199
0.1057942
0.1649923
0.1981146
0.1925053
0.1503088
0.08764717
0.02845071
-0.004671286
0.0009353737
0.04312903
0.1057951
0.1649917
0.1981122
0.1925071
0.1503137
0.08764783
0.02845042
-0.004669272
0.000936837
0.04313065
0.1057976
0.1649937
0.1981136
0.1925083
0.1503155
0.08765383
0.0284524
-0.004667376
0.0009412509
0.04313339
0.1057947
0.1649938
0.1981154
0.1925076
0.1503143
0.08765261
0.02845631
-0.004668372
0.000938728
0.04313345
0.1057961
0.1649907
0.1981113
0.1925066
0.1503131
0.08764949
0.02845353
-0.004667348
0.0009407651
0.04313487
0.1057972
0.1649957
0.1981143
0.1925085
0.1503153
0.08765086
0.02845233
-0.00466522
0.0009442959
0.04313536
0.1057978
0.1649967
0.1981172
0.1925089
0.150315
0.08765286
0.02845465
-0.004667981
0.0009409753
0.04313728
0.1057988
0.1649953
0.1981175
0.192509
0.1503119
0.08764967
0.02845244
-0.004669801
0.0009362194
0.04312948
0.1057956
0.1649919
0.1981123
0.1925069
0.1503135
0.08764752
0.02845023
-0.004669315
0.0009369126
0.0431289
0.1057913
0.1649932
0.1981134
0.1925055
0.1503137
0.0876525
0.02845331
-0.004668851
0.0009387882
0.04313172
0.105794
0.1649942
0.1981134
0.1925055
0.1503138
0.08765055
0.02845513
-0.004668844
0.0009385989
0.04313365
0.1057965
0.1649909
0.1981114
0.1925064
0.150313
0.08764919
0.02845257
-0.004666702
0.0009382258
0.04313081
0.105795
0.1649938
0.1981116
0.1925025
0.1503117
0.08764943
0.02845041
-0.004668507
0.0009407892
0.04313415
0.1057973
0.1649955
0.1981177
0.1925092
0.150315
0.08765277
0.02845446
-0.004668025
0.0009410862
0.04313751
0.105799
0.1649954
0.1981177
0.1925112
0.1503177
0.08765176
0.02845494
-0.004665668
0.0009392581
0.04313245
0.1057983
0.1649957
0.1981157
0.1925099
0.1503161
0.08764928
0.02845302
-0.004667007
0.000938088
0.04313077
0.1057924
0.1649939
0.1981136
0.1925054
0.1503135
0.08765221
0.0284531
-0.004668887
0.0009388919
0.04313195
0.1057935
0.1649899
0.1981147
0.192508
0.1503132
0.08765077
0.02845595
-0.004664655
0.0009399442
0.04313301
0.1057966
0.1649926
0.1981137
0.192506
0.150312
0.08764964
0.02845101
-0.004667665
0.0009380129
0.04313081
0.1057952
0.1649939
0.1981117
0.1925025
0.1503114
0.08764913
0.0284501
-0.004670547
0.0009375362
0.04313119
0.1057933
0.1649916
0.1981145
0.1925057
0.1503097
0.08764815
0.02845147
-0.00467096
0.0009374054
0.04313432
0.1057965
0.1649938
0.1981162
0.1925105
0.1503173
0.08765131
0.02845473
-0.004665727
0.0009393779
0.0431327
0.1057986
0.1649959
0.1981157
0.1925098
0.1503178
0.08765558
0.02845353
-0.004667004
0.0009408467
0.04313247
0.1057937
0.1649929
0.1981153
0.1925079
0.1503151
0.08765287
0.02845262
-0.004666898
0.0009409328
0.0431324
0.1057956
0.164991
0.1981153
0.1925081
0.150313
0.08765044
0.02845572
-0.004664716
0.0009400406
0.04313328
0.105797
0.1649935
0.1981131
0.1925087
0.1503159
0.08765179
0.02845309
-0.004665
0.0009438723
0.04313443
0.1057967
0.1649959
0.198115
0.1925059
0.1503127
0.08764958
0.02845135
-0.004670957
0.0009371754
0.04313136
0.1057934
0.1649917
0.1981145
0.1925056
0.1503094
0.08764792
0.02845127
-0.004671121
0.000935081
0.04312842
0.1057943
0.1649912
0.1981122
0.1925075
0.1503145
0.08764862
0.028451
-0.004669085
0.0009365503
0.04313001
0.1057969
0.1649931
0.1981133
0.1925087
0.1503161
0.08765459
0.02845293
-0.004667187
0.0009409603
0.04313276
0.105794
0.1649932
0.1981153
0.1925077
0.1503149
0.0876533
0.02845688
-0.004668179
0.0009384218
0.04313282
0.1057954
0.1649902
0.1981112
0.1925068
0.1503138
0.08765026
0.0284541
-0.004667174
0.0009404858
0.04313421
0.1057964
0.1649951
0.1981141
0.1925089
0.1503159
0.0876516
0.02845288
-0.004665044
0.0009439841
0.04313468
0.105797
0.1649961
0.198117
0.1925092
0.1503156
0.08765367
0.0284552
-0.004667811
0.0009406728
0.04313665
0.1057981
0.1649948
0.1981174
0.1925093
0.1503125
0.08765043
0.02845301
-0.004669626
0.0009359586
0.04312881
0.1057948
0.1649914
0.1981121
0.1925074
0.1503142
0.08764839
0.02845079
-0.004669164
0.0009366065
0.04312828
0.1057906
0.1649926
0.1981134
0.192506
0.1503143
0.08765322
0.02845387
-0.004668677
0.0009385013
0.0431311
0.1057933
0.1649937
0.1981133
0.1925057
0.1503144
0.08765126
0.02845571
-0.004668694
0.0009383064
0.04313299
0.1057956
0.1649905
0.1981112
0.1925067
0.1503135
0.08764991
0.02845312
-0.004666533
0.0009379372
0.04313019
0.1057943
0.1649931
0.1981114
0.1925029
0.1503123
0.08765021
0.02845099
-0.004668346
0.0009405158
0.0431334
0.1057966
0.1649949
0.1981174
0.1925096
0.1503156
0.08765353
0.02845501
-0.004667885
0.0009407863
0.04313684
0.1057983
0.1649949
0.1981176
0.1925117
0.1503184
0.08765255
0.02845551
-0.004665508
0.0009389864
0.04313178
0.1057975
0.1649953
0.1981155
0.1925102
0.1503168
0.08765002
0.02845359
-0.004666854
0.000937791
0.04313006
0.1057916
0.1649932
0.1981135
0.1925059
0.1503141
0.08765295
0.02845365
-0.00466876
0.0009386075
0.04313137
0.1057928
0.1649895
0.1981145
0.1925083
0.150314
0.08765144
0.02845653
-0.004664477
0.0009396586
0.04313236
0.1057958
0.1649922
0.1981136
0.1925063
0.1503126
0.08765042
0.02845157
-0.004667504
0.0009377446
0.04313022
0.1057946
0.1649933
0.1981115
0.1925028
0.1503121
0.08764994
0.02845069
-0.004670363
0.0009372313
0.04313054
0.1057926
0.1649911
0.1981144
0.1925061
0.1503101
0.08764896
0.02845207
-0.00467078
0.0009371081
0.04313374
0.1057957
0.1649932
0.198116
0.1925108
0.150318
0.08765205
0.02845532
-0.004665573
0.000939063
0.04313204
0.1057978
0.1649954
0.1981155
0.1925101
0.1503185
0.08765632
0.02845411
-0.004666835
0.0009405726
0.04313188
0.1057929
0.1649922
0.1981151
0.1925082
0.1503158
0.08765365
0.02845317
-0.004666762
0.0009406317
0.04313175
0.1057949
0.1649906
0.1981151
0.1925084
0.1503139
0.08765119
0.02845629
-0.00466454
0.0009397561
0.0431326
0.1057961
0.164993
0.198113
0.192509
0.1503167
0.08765253
0.02845364
-0.004664842
0.0009436022
0.04313381
0.105796
0.1649953
0.1981148
0.1925062
0.1503135
0.08765037
0.02845189
-0.004670772
0.0009369218
0.04313072
0.1057927
0.1649912
0.1981145
0.192506
0.1503099
0.08764871
0.02845186
-0.00467094
0.0009347801
0.0431278
0.1057936
0.1649907
0.1981119
0.1925077
0.150315
0.08764932
0.02845158
-0.004668902
0.000936274
0.04312937
0.1057961
0.1649926
0.1981132
0.1925089
0.1503167
0.08765532
0.02845354
-0.004667038
0.0009406715
0.04313209
0.1057933
0.1649925
0.1981151
0.1925081
0.1503156
0.08765411
0.02845743
-0.004668001
0.0009381665
0.04313209
0.1057946
0.1649897
0.1981109
0.192507
0.1503144
0.08765109
0.02845466
-0.004667083
0.0009377789
0.04312742
0.1057941
0.1649963
0.1981087
0.1925061
0.1503202
0.08765107
0.02844713
-0.004667125
0.0009426181
0.04312843
0.1057957
0.1649974
0.1981123
0.1925064
0.1503181
0.08764909
0.0284509
-0.004665626
0.000940338
0.04312954
0.1057968
0.1649873
0.1981147
0.1925112
0.1503159
0.0876498
0.02846052
-0.004659994
0.0009383314
0.04312973
0.1057973
0.1649897
0.1981116
0.1925071
0.1503148
0.0876498
0.0284536
-0.004666927
0.0009391268
0.04313227
0.1057977
0.1649937
0.1981136
0.192507
0.1503136
0.08764795
0.02845197
-0.004671293
0.0009330992
0.04312764
0.1057909
0.1649872
0.1981114
0.1925062
0.150308
0.08764619
0.02845326
-0.00467101
0.0009330002
0.0431325
0.1057956
0.1649901
0.1981145
0.1925117
0.1503128
0.08764955
0.02845571
-0.004668293
0.0009352601
0.04313445
0.1057979
0.1649915
0.198115
0.192511
0.1503153
0.08766089
0.02845574
-0.004668573
0.0009412033
0.04313511
0.1057888
0.1649893
0.1981181
0.1925102
0.1503144
0.08765883
0.02845602
-0.0046677
0.0009406355
0.04313331
0.1057924
0.1649931
0.1981153
0.192506
0.1503125
0.08765334
0.02845267
-0.004668945
0.0009408878
0.04313484
0.1057943
0.1649962
0.1981143
0.1925108
0.1503194
0.08765613
0.02845428
-0.004662529
0.0009477271
0.04313473
0.1057936
0.1649961
0.1981156
0.1925055
0.1503141
0.08765347
0.02845239
-0.004670108
0.0009403932
0.04313313
0.1057936
0.1649947
0.1981169
0.1925057
0.1503125
0.08765191
0.02845102
-0.004670738
0.0009362588
0.04312236
0.1057908
0.1649907
0.1981092
0.192504
0.1503177
0.08765001
0.02844801
-0.004669376
0.0009369688
0.04312361
0.1057937
0.1649932
0.1981113
0.1925071
0.1503189
0.08765049
0.02845187
-0.004665348
0.0009398338
0.04312845
0.1057969
0.1649954
0.1981121
0.1925064
0.1503173
0.08765016
0.02845942
-0.004668165
0.0009353782
0.04313034
0.1057963
0.1649858
0.1981062
0.1925084
0.1503172
0.08764949
0.02845725
-0.004664862
0.0009392163
0.04313163
0.1057964
0.1649928
0.1981134
0.1925075
0.1503147
0.08764926
0.02845317
-0.004667078
0.0009393576
0.0431327
0.1057982
0.1649943
0.1981176
0.1925135
0.1503193
0.08765606
0.02845974
-0.004664988
0.0009400648
0.04313822
0.1058
0.1649931
0.1981174
0.1925138
0.1503145
0.08765123
0.02845669
-0.004668019
0.0009347336
0.04313328
0.1057966
0.1649906
0.1981147
0.1925115
0.1503124
0.08764902
0.02845527
-0.004668445
0.0009353419
0.04313098
0.1057853
0.1649905
0.198115
0.1925055
0.1503117
0.08765811
0.02845755
-0.004671519
0.0009362976
0.04313183
0.1057873
0.1649902
0.1981142
0.1925061
0.1503135
0.08765461
0.02845363
-0.004668644
0.0009403792
0.04313374
0.1057929
0.1649936
0.1981153
0.192506
0.150312
0.0876526
0.0284507
-0.004667672
0.0009357671
0.04312678
0.10579
0.164992
0.198109
0.1924989
0.150312
0.08765326
0.02845048
-0.004669134
0.0009407874
0.04313216
0.1057926
0.1649937
0.1981166
0.1925062
0.1503137
0.08765317
0.028452
-0.00467024
0.0009406034
0.04313361
0.1057942
0.1649952
0.1981172
0.1925104
0.1503243
0.08765616
0.02845603
-0.004662502
0.0009423169
0.04312839
0.1057962
0.1649983
0.1981158
0.1925097
0.150323
0.08765332
0.0284536
-0.004664734
0.0009393438
0.04312734
0.1057956
0.1649943
0.1981118
0.1925069
0.1503185
0.08765004
0.02845146
-0.004665455
0.0009400219
0.04312893
0.105796
0.1649868
0.1981146
0.1925115
0.1503165
0.08765054
0.02846109
-0.004659835
0.0009380426
0.04312907
0.1057967
0.1649891
0.1981114
0.1925074
0.1503154
0.08765051
0.02845415
-0.004666773
0.0009388428
0.04313166
0.1057969
0.1649932
0.1981135
0.1925074
0.1503142
0.0876487
0.02845255
-0.004671132
0.0009327927
0.04312698
0.1057901
0.1649867
0.1981113
0.1925065
0.1503086
0.08764697
0.02845383
-0.004670849
0.0009326949
0.04313191
0.1057949
0.1649895
0.1981144
0.1925121
0.1503136
0.08765029
0.02845627
-0.004668127
0.0009349713
0.0431338
0.1057972
0.164991
0.1981149
0.1925113
0.1503159
0.08766156
0.02845633
-0.004668392
0.0009409281
0.04313447
0.105788
0.1649887
0.198118
0.1925105
0.150315
0.0876595
0.02845657
-0.004667536
0.0009403513
0.04313266
0.1057916
0.1649927
0.1981152
0.1925063
0.1503131
0.08765407
0.02845323
-0.004668768
0.0009405955
0.04313418
0.1057936
0.1649955
0.1981141
0.1925111
0.15032
0.08765693
0.02845484
-0.004662358
0.0009474422
0.04313409
0.1057929
0.1649958
0.1981155
0.1925059
0.1503146
0.08765422
0.02845297
-0.004669935
0.0009401135
0.04313248
0.1057929
0.1649942
0.1981167
0.1925059
0.1503132
0.08765265
0.02845157
-0.004670568
0.0009359731
0.04312177
0.10579
0.1649902
0.1981089
0.1925044
0.1503182
0.08765073
0.02844857
-0.004669213
0.0009366702
0.04312305
0.1057928
0.1649927
0.1981112
0.1925074
0.1503194
0.08765128
0.02845245
-0.004665166
0.000939533
0.04312781
0.1057961
0.1649948
0.1981119
0.1925067
0.150318
0.0876509
0.02846001
-0.004667995
0.0009350854
0.04312969
0.1057956
0.1649852
0.1981062
0.1925088
0.1503177
0.08765023
0.02845783
-0.004664715
0.0009389361
0.04313104
0.1057956
0.1649922
0.1981134
0.1925078
0.1503154
0.08765004
0.02845374
-0.004666897
0.000939064
0.04313212
0.1057976
0.1649938
0.1981175
0.1925139
0.15032
0.08765678
0.02846032
-0.004664854
0.0009397693
0.04313759
0.1057993
0.1649925
0.198117
0.192514
0.1503149
0.08765198
0.02845725
-0.004667826
0.0009344456
0.04313265
0.1057958
0.1649899
0.1981145
0.1925118
0.1503131
0.08764975
0.02845584
-0.004668267
0.0009350582
0.04313034
0.1057847
0.16499
0.1981148
0.1925058
0.1503124
0.08765898
0.02845811
-0.004671367
0.0009360007
0.04313121
0.1057867
0.1649897
0.198114
0.1925064
0.1503141
0.08765537
0.02845421
-0.004668462
0.0009400791
0.04313307
0.1057921
0.164993
0.1981153
0.1925061
0.1503128
0.0876534
0.02845129
-0.004667527
0.0009354435
0.04312614
0.1057892
0.1649915
0.1981088
0.1924994
0.1503127
0.08765396
0.02845102
-0.004668976
0.0009405003
0.04313149
0.1057919
0.1649932
0.1981163
0.1925065
0.1503144
0.08765396
0.02845257
-0.004670087
0.0009403237
0.04313294
0.1057935
0.1649946
0.1981171
0.1925106
0.150325
0.08765684
0.02845661
-0.004662319
0.0009420235
0.04312771
0.1057954
0.1649977
0.1981156
0.19251
0.1503237
0.087654
0.02845417
-0.004664588
0.0009390515
0.04312669
0.1057949
0.1649938
0.1981116
0.1925073
0.1503191
0.08765072
0.02845204
-0.004665306
0.0009397543
0.04312829
0.1057951
0.1649863
0.1981144
0.1925116
0.1503173
0.08765132
0.02846163
-0.004659654
0.0009377573
0.04312844
0.1057959
0.1649885
0.1981112
0.1925077
0.150316
0.08765129
0.02845475
-0.004666583
0.0009385524
0.04313106
0.1057961
0.1649927
0.1981134
0.1925076
0.1503149
0.08764949
0.02845313
-0.004670947
0.0009325329
0.04312633
0.1057894
0.1649861
0.1981112
0.1925068
0.1503093
0.08764771
0.02845437
-0.004670695
0.0009323918
0.0431312
0.1057943
0.164989
0.1981142
0.1925123
0.1503143
0.08765104
0.02845684
-0.004667975
0.000934659
0.04313312
0.1057964
0.1649904
0.1981145
0.1925117
0.1503164
0.08766235
0.02845688
-0.004668219
0.0009406322
0.04313384
0.1057872
0.1649882
0.1981179
0.1925106
0.1503156
0.08766018
0.02845714
-0.004667353
0.0009400496
0.04313197
0.1057907
0.1649921
0.1981149
0.1925067
0.1503137
0.08765481
0.02845378
-0.004668607
0.0009402794
0.04313356
0.1057928
0.1649951
0.1981139
0.1925113
0.1503207
0.0876577
0.02845541
-0.004662212
0.0009471435
0.04313342
0.1057922
0.1649953
0.1981154
0.1925063
0.1503152
0.08765493
0.02845353
-0.004669766
0.000939799
0.04313184
0.1057922
0.1649936
0.1981166
0.1925063
0.1503139
0.08765339
0.02845214
-0.00467041
0.0009356937
0.04312113
0.1057893
0.1649896
0.1981087
0.1925047
0.150319
0.0876515
0.02844913
-0.00466904
0.0009363993
0.04312237
0.1057921
0.1649921
0.198111
0.1925077
0.1503201
0.08765213
0.02845302
-0.004665008
0.0009392468
0.04312716
0.1057955
0.1649942
0.1981117
0.192507
0.1503187
0.08765171
0.02846058
-0.004667832
0.0009347879
0.04312907
0.1057949
0.1649848
0.198106
0.1925091
0.1503185
0.08765105
0.02845837
-0.004664566
0.0009386344
0.0431303
0.1057949
0.1649915
0.198113
0.1925081
0.150316
0.08765076
0.02845431
-0.004666731
0.0009387897
0.04313149
0.1057967
0.1649933
0.1981174
0.1925142
0.1503207
0.08765756
0.02846089
-0.004664672
0.0009395055
0.04313692
0.1057985
0.1649919
0.198117
0.1925143
0.1503156
0.08765272
0.02845782
-0.00466767
0.0009341484
0.04313204
0.105795
0.1649895
0.1981143
0.1925121
0.1503138
0.08765052
0.02845642
-0.004668094
0.00093477
0.04312967
0.1057838
0.1649894
0.1981146
0.1925061
0.1503129
0.08765964
0.02845867
-0.004671168
0.0009357178
0.04313051
0.1057859
0.1649892
0.1981139
0.1925067
0.1503148
0.08765605
0.02845476
-0.004668288
0.0009397704
0.04313244
0.1057914
0.1649924
0.1981151
0.1925064
0.1503133
0.08765412
0.02845186
-0.004667371
0.0009351598
0.04312551
0.1057885
0.1649908
0.1981086
0.1924997
0.1503134
0.0876548
0.02845159
-0.004668777
0.0009402066
0.04313088
0.1057913
0.1649927
0.1981162
0.1925068
0.150315
0.08765469
0.02845315
-0.004669907
0.00094004
0.04313232
0.1057927
0.164994
0.1981169
0.1925109
0.1503257
0.08765764
0.02845717
-0.004662138
0.000941751
0.0431271
0.1057948
0.1649971
0.1981154
0.1925103
0.1503243
0.08765482
0.02845474
-0.004664396
0.0009387753
0.04312604
0.1057941
0.1649933
0.1981115
0.1925076
0.1503195
0.08765147
0.02845242
-0.00466441
0.0009407547
0.04312925
0.105795
0.1649858
0.1981144
0.1925117
0.150317
0.08765172
0.02846211
-0.004659949
0.0009373907
0.04312786
0.1057949
0.1649877
0.198111
0.1925083
0.150317
0.08765245
0.02845556
-0.004666388
0.0009380393
0.04312996
0.105795
0.1649917
0.1981132
0.1925081
0.1503159
0.08765057
0.02845395
-0.004670755
0.0009319933
0.0431253
0.1057882
0.1649852
0.198111
0.1925074
0.1503105
0.08764885
0.02845522
-0.004670486
0.0009318796
0.04313014
0.105793
0.1649883
0.198114
0.1925129
0.1503153
0.08765223
0.02845765
-0.004667769
0.0009341379
0.04313213
0.1057952
0.1649894
0.1981145
0.1925122
0.1503176
0.08766352
0.0284577
-0.004668035
0.0009401044
0.0431328
0.105786
0.1649872
0.1981176
0.1925111
0.1503167
0.08766133
0.02845798
-0.00466717
0.0009395214
0.04313096
0.1057896
0.1649913
0.1981146
0.1925073
0.1503148
0.08765592
0.02845463
-0.004668382
0.0009397656
0.04313251
0.1057917
0.1649942
0.1981138
0.1925117
0.1503218
0.08765882
0.02845626
-0.004661995
0.0009466278
0.04313238
0.105791
0.1649944
0.1981151
0.1925067
0.1503163
0.0876561
0.02845436
-0.004669585
0.0009392941
0.04313078
0.1057911
0.1649928
0.1981165
0.1925068
0.150315
0.08765451
0.02845301
-0.004670205
0.0009351726
0.04312009
0.1057881
0.1649887
0.1981085
0.1925052
0.1503201
0.08765254
0.02844998
-0.004668849
0.0009358672
0.04312133
0.105791
0.1649912
0.1981108
0.1925081
0.150321
0.0876532
0.02845385
-0.004664794
0.0009387088
0.04312614
0.1057942
0.1649934
0.1981116
0.1925076
0.1503196
0.0876528
0.02846142
-0.004667629
0.000934263
0.04312798
0.1057936
0.1649838
0.198106
0.1925095
0.1503195
0.08765215
0.02845922
-0.00466437
0.0009381071
0.04312933
0.1057937
0.1649908
0.1981129
0.1925087
0.150317
0.08765194
0.02845516
-0.004666518
0.0009382505
0.04313045
0.1057955
0.1649924
0.1981171
0.1925146
0.1503217
0.08765871
0.02846171
-0.004664445
0.0009389578
0.04313585
0.1057973
0.1649911
0.1981169
0.1925148
0.1503166
0.08765392
0.02845867
-0.004667471
0.0009336451
0.04313095
0.105794
0.1649885
0.1981142
0.1925126
0.1503148
0.08765166
0.02845725
-0.004667897
0.0009342466
0.04312864
0.1057827
0.1649885
0.1981145
0.1925067
0.1503141
0.08766087
0.02845953
-0.004671014
0.0009351636
0.04312946
0.1057847
0.1649884
0.1981135
0.192507
0.1503159
0.0876572
0.0284556
-0.004668103
0.0009392638
0.04313141
0.1057902
0.1649917
0.1981147
0.192507
0.1503143
0.08765525
0.02845267
-0.004667178
0.0009346135
0.04312443
0.1057874
0.16499
0.1981084
0.1925002
0.1503145
0.08765601
0.02845246
-0.004668591
0.00093968
0.04312989
0.10579
0.1649919
0.198116
0.1925074
0.1503161
0.08765581
0.02845398
-0.004669689
0.0009395118
0.04313123
0.1057916
0.1649933
0.1981168
0.1925115
0.1503268
0.08765871
0.02845802
-0.004661956
0.0009412142
0.04312605
0.1057936
0.1649962
0.1981152
0.1925108
0.1503254
0.08765594
0.02845556
-0.004664189
0.0009382269
0.04312498
0.1057929
0.1649924
0.1981111
0.192508
0.1503205
0.08765276
0.02845344
-0.004664938
0.0009389193
0.04312661
0.1057933
0.1649848
0.1981141
0.1925126
0.1503188
0.08765323
0.02846305
-0.004659291
0.0009369366
0.04312675
0.105794
0.1649871
0.1981109
0.1925086
0.1503175
0.08765322
0.02845612
-0.004666231
0.0009377202
0.04312931
0.1057943
0.1649911
0.198113
0.1925083
0.1503165
0.08765134
0.0284545
-0.004670615
0.0009317062
0.04312466
0.1057874
0.1649846
0.1981109
0.1925076
0.1503111
0.08764963
0.02845579
-0.004670333
0.000931594
0.04312954
0.1057923
0.1649877
0.1981139
0.1925131
0.1503159
0.08765302
0.02845824
-0.004667599
0.000933839
0.04313141
0.1057945
0.164989
0.1981144
0.1925125
0.1503182
0.08766418
0.02845827
-0.004667882
0.0009398058
0.04313213
0.1057854
0.1649866
0.1981174
0.1925115
0.1503173
0.08766218
0.02845855
-0.004666982
0.0009392407
0.04313033
0.105789
0.1649908
0.1981146
0.1925076
0.1503155
0.08765665
0.02845519
-0.004668225
0.0009394726
0.04313185
0.1057909
0.1649936
0.1981136
0.1925122
0.1503225
0.08765955
0.02845681
-0.00466185
0.0009463516
0.04313176
0.1057902
0.1649937
0.198115
0.1925071
0.150317
0.08765687
0.02845495
-0.004669413
0.0009390039
0.0431302
0.1057903
0.1649922
0.1981163
0.192507
0.1503157
0.08765522
0.02845355
-0.004670021
0.0009348701
0.04311947
0.1057874
0.1649882
0.1981084
0.1925054
0.1503207
0.08765335
0.02845054
-0.004668663
0.000935581
0.04312069
0.1057903
0.1649906
0.1981105
0.1925084
0.1503217
0.08765398
0.02845439
-0.004664623
0.0009384342
0.04312549
0.1057935
0.1649929
0.1981113
0.1925079
0.1503201
0.08765358
0.02846199
-0.004667474
0.0009339638
0.04312735
0.1057929
0.1649832
0.1981059
0.1925099
0.1503201
0.08765291
0.02845978
-0.004664185
0.0009378165
0.04312868
0.1057929
0.1649902
0.1981127
0.1925089
0.1503176
0.08765267
0.02845572
-0.004666379
0.0009379514
0.04312979
0.1057949
0.1649918
0.1981171
0.1925148
0.1503222
0.08765941
0.02846228
-0.004664292
0.0009386631
0.04313524
0.1057966
0.1649906
0.1981166
0.1925151
0.1503174
0.08765466
0.02845924
-0.004667315
0.000933333
0.04313034
0.1057932
0.1649881
0.1981139
0.1925129
0.1503154
0.08765242
0.02845781
-0.004667717
0.0009339286
0.04312804
0.1057819
0.1649879
0.1981143
0.1925069
0.1503147
0.08766157
0.02846009
-0.004670847
0.000934912
0.04312886
0.105784
0.1649877
0.1981134
0.1925074
0.1503166
0.08765789
0.02845617
-0.004667934
0.0009389569
0.04313074
0.1057894
0.1649911
0.1981145
0.1925074
0.1503149
0.08765604
0.02845326
-0.004666992
0.0009343424
0.04312382
0.1057867
0.1649896
0.1981083
0.1925003
0.1503151
0.08765669
0.02845303
-0.004668418
0.0009393852
0.04312915
0.1057893
0.1649914
0.1981158
0.1925077
0.1503167
0.08765659
0.02845454
-0.004669551
0.0009392326
0.04313063
0.1057909
0.1649926
0.1981166
0.1925117
0.1503275
0.08765945
0.02845857
-0.004661791
0.0009409214
0.04312543
0.1057928
0.1649957
0.198115
0.1925111
0.1503261
0.08765664
0.02845616
-0.00466403
0.0009379546
0.04312431
0.1057922
0.1649919
0.198111
0.1925082
0.1503212
0.08765339
0.028454
-0.004664764
0.0009386356
0.04312598
0.1057926
0.1649844
0.1981139
0.1925129
0.1503194
0.08765396
0.0284636
-0.004659125
0.0009366545
0.0431261
0.1057933
0.1649865
0.1981107
0.1925088
0.1503182
0.08765392
0.0284567
-0.004666084
0.0009374567
0.04312867
0.1057935
0.1649906
0.1981128
0.1925087
0.1503172
0.08765214
0.0284551
-0.004670425
0.0009314082
0.04312402
0.1057867
0.164984
0.1981108
0.1925079
0.1503117
0.08765032
0.02845636
-0.004670143
0.0009312864
0.04312889
0.1057915
0.1649871
0.1981137
0.1925134
0.1503166
0.08765379
0.0284588
-0.004667462
0.000933551
0.04313082
0.1057938
0.1649884
0.1981141
0.1925128
0.1503188
0.08766504
0.02845884
-0.004667694
0.0009395134
0.0431315
0.1057845
0.164986
0.1981172
0.192512
0.150318
0.08766287
0.0284591
-0.004666838
0.0009389395
0.04312965
0.1057882
0.1649901
0.1981143
0.1925076
0.150316
0.08765738
0.02845576
-0.004668039
0.0009391973
0.04313122
0.1057902
0.1649931
0.1981133
0.1925125
0.150323
0.08766039
0.02845739
-0.004661677
0.0009460533
0.04313109
0.1057895
0.1649933
0.1981148
0.1925073
0.1503177
0.08765765
0.02845551
-0.004669237
0.0009387185
0.04312954
0.1057896
0.1649918
0.198116
0.1925074
0.1503162
0.087656
0.02845413
-0.004669853
0.0009345931
0.04311879
0.1057867
0.1649876
0.1981083
0.1925057
0.1503214
0.08765406
0.02845111
-0.004668497
0.0009352638
0.04312004
0.1057895
0.1649901
0.1981104
0.1925088
0.1503224
0.08765468
0.02845498
-0.004664486
0.0009381349
0.04312477
0.1057927
0.1649922
0.1981112
0.1925081
0.1503207
0.08765442
0.02846255
-0.004667291
0.0009337005
0.04312671
0.1057921
0.1649826
0.1981056
0.1925102
0.1503207
0.08765365
0.02846034
-0.004664013
0.0009375605
0.04312805
0.1057922
0.1649895
0.1981126
0.1925093
0.1503182
0.08765339
0.02845628
-0.004666195
0.0009376672
0.04312915
0.1057941
0.1649912
0.1981169
0.1925153
0.1503229
0.08766023
0.02846287
-0.00466411
0.0009383695
0.04313459
0.1057958
0.1649899
0.1981165
0.1925153
0.1503181
0.08765541
0.02845978
-0.004667136
0.0009330554
0.04312965
0.1057924
0.1649875
0.1981138
0.1925132
0.150316
0.08765324
0.02845838
-0.004667571
0.0009336628
0.04312733
0.1057812
0.1649874
0.1981141
0.1925072
0.1503154
0.08766229
0.02846065
-0.00467067
0.0009346036
0.04312825
0.1057833
0.1649871
0.1981132
0.1925078
0.1503172
0.08765876
0.02845674
-0.004667743
0.0009387138
0.04313011
0.1057887
0.1649906
0.1981145
0.1925075
0.1503157
0.08765671
0.02845382
-0.004666815
0.000934064
0.04312316
0.1057858
0.164989
0.1981081
0.1925007
0.1503158
0.08765736
0.02845357
-0.004668251
0.0009390856
0.04312854
0.1057886
0.1649908
0.1981156
0.192508
0.1503173
0.08765738
0.0284551
-0.004669371
0.0009389311
0.04313001
0.1057901
0.1649921
0.1981165
0.192512
0.1503282
0.0876602
0.02845914
-0.004661624
0.0009406406
0.04312478
0.105792
0.1649953
0.198115
0.1925114
0.1503268
0.08765742
0.0284567
-0.004663869
0.0009376203
0.04312374
0.1057914
0.1649912
0.1981107
0.1925086
0.1503219
0.08765414
0.02845456
-0.004664595
0.0009383516
0.04312532
0.1057918
0.1649838
0.1981135
0.1925132
0.1503199
0.08765477
0.02846418
-0.004658922
0.0009363505
0.0431255
0.1057925
0.1649859
0.1981105
0.1925092
0.1503188
0.08765474
0.02845726
-0.004665898
0.0009371639
0.04312804
0.1057927
0.1649901
0.1981127
0.192509
0.1503177
0.08765288
0.02845565
-0.004670284
0.0009311278
0.04312335
0.1057859
0.1649835
0.1981106
0.1925082
0.1503123
0.08765106
0.02845691
-0.004669979
0.00093102
0.04312829
0.1057907
0.1649865
0.1981135
0.1925137
0.1503173
0.0876545
0.02845938
-0.004667269
0.0009332721
0.04313016
0.105793
0.1649879
0.1981139
0.1925132
0.1503195
0.08766581
0.02845942
-0.004667545
0.0009392397
0.0431309
0.1057838
0.1649854
0.1981172
0.1925122
0.1503186
0.08766361
0.02845968
-0.004666651
0.0009386659
0.04312905
0.1057874
0.1649894
0.1981142
0.192508
0.1503168
0.08765808
0.02845632
-0.004667869
0.0009389073
0.04313059
0.1057894
0.1649926
0.1981132
0.1925127
0.1503236
0.08766105
0.02845794
-0.004661524
0.0009457332
0.04313048
0.1057888
0.1649927
0.1981146
0.1925076
0.1503184
0.08765838
0.02845606
-0.004669086
0.0009384025
0.04312884
0.1057888
0.1649911
0.1981157
0.1925078
0.1503168
0.08765678
0.02845469
-0.004669681
0.0009342753
0.04311817
0.1057859
0.164987
0.1981082
0.192506
0.1503222
0.08765488
0.02845165
-0.004668334
0.0009349828
0.04311941
0.1057887
0.1649896
0.1981102
0.192509
0.1503231
0.08765549
0.02845556
-0.004664309
0.0009378284
0.04312419
0.105792
0.1649917
0.1981109
0.1925083
0.1503213
0.08765507
0.02846311
-0.00466715
0.0009333783
0.04312614
0.1057914
0.1649822
0.1981054
0.1925105
0.1503213
0.08765433
0.02846089
-0.004663845
0.0009372351
0.04312742
0.1057914
0.164989
0.1981124
0.1925094
0.1503189
0.08765417
0.02845685
-0.004666008
0.0009373645
0.04312854
0.1057933
0.1649906
0.1981168
0.1925156
0.1503236
0.08766098
0.02846341
-0.004663969
0.0009380627
0.04313393
0.105795
0.1649893
0.1981165
0.1925156
0.1503186
0.08765612
0.02846036
-0.004666987
0.0009327605
0.04312904
0.1057917
0.1649869
0.1981136
0.1925135
0.1503168
0.08765396
0.02845896
-0.004667408
0.0009333607
0.04312671
0.1057804
0.1649868
0.1981138
0.1925075
0.1503159
0.08766308
0.02846121
-0.004670489
0.0009343082
0.0431276
0.1057825
0.1649865
0.1981131
0.1925082
0.1503178
0.08765949
0.02845731
-0.004667599
0.0009383801
0.04312946
0.105788
0.1649899
0.1981143
0.1925078
0.1503163
0.08765744
0.02845438
-0.004666649
0.0009337599
0.0431225
0.1057851
0.1649884
0.1981078
0.1925012
0.1503164
0.08765818
0.02845417
-0.00466807
0.0009387821
0.04312789
0.1057878
0.1649902
0.1981155
0.1925081
0.1503181
0.08765816
0.02845567
-0.004669207
0.0009386091
0.04312932
0.1057894
0.1649916
0.1981162
0.1925124
0.1503286
0.08766098
0.02845972
-0.004661473
0.000940334
0.04312414
0.1057913
0.1649946
0.1981148
0.1925117
0.1503275
0.08765817
0.02845726
-0.004663719
0.000937341
0.04312303
0.1057907
0.1649907
0.1981107
0.1925088
0.1503226
0.08765488
0.02845513
-0.004664439
0.0009380631
0.04312464
0.1057911
0.1649831
0.1981134
0.1925133
0.1503205
0.08765549
0.02846474
-0.00465879
0.0009360621
0.04312482
0.1057917
0.1649853
0.1981103
0.1925095
0.1503195
0.08765545
0.02845784
-0.004665722
0.0009368499
0.04312739
0.1057919
0.1649894
0.1981125
0.1925092
0.1503184
0.08765358
0.02845621
-0.004670118
0.0009308289
0.04312275
0.1057853
0.164983
0.1981105
0.1925085
0.1503129
0.08765183
0.02845749
-0.004669811
0.0009307055
0.04312762
0.10579
0.1649859
0.1981134
0.1925138
0.1503179
0.08765521
0.02845993
-0.004667096
0.000932954
0.0431295
0.1057923
0.1649874
0.1981137
0.1925134
0.1503201
0.08766658
0.02845997
-0.004667365
0.0009389407
0.0431302
0.1057832
0.1649848
0.1981169
0.1925124
0.1503192
0.08766434
0.02846025
-0.00466649
0.0009383525
0.04312839
0.1057867
0.1649889
0.1981139
0.1925084
0.1503173
0.08765896
0.02845691
-0.004667699
0.0009386048
0.04312992
0.1057887
0.1649919
0.198113
0.1925128
0.1503244
0.08766171
0.02845851
-0.004661337
0.0009454761
0.04312981
0.105788
0.1649923
0.1981144
0.1925079
0.1503191
0.08765908
0.02845663
-0.004668921
0.000938115
0.04312823
0.1057881
0.1649905
0.1981155
0.192508
0.1503176
0.08765759
0.02845526
-0.004669547
0.0009339869
0.04311754
0.1057851
0.1649865
0.198108
0.1925063
0.1503229
0.08765557
0.02845223
-0.004668157
0.0009346961
0.04311875
0.105788
0.1649891
0.1981101
0.1925093
0.1503238
0.08765623
0.0284561
-0.004664152
0.0009375411
0.04312354
0.1057912
0.1649911
0.1981107
0.1925087
0.1503221
0.08765581
0.02846367
-0.004666951
0.000933103
0.04312544
0.1057907
0.1649815
0.1981052
0.1925107
0.1503219
0.08765525
0.02846149
-0.004663683
0.0009369433
0.04312678
0.1057907
0.1649883
0.1981123
0.1925099
0.1503195
0.08765494
0.02845741
-0.004665836
0.0009370633
0.04312788
0.1057926
0.1649902
0.1981166
0.1925159
0.1503242
0.08766175
0.02846397
-0.004663801
0.0009377793
0.04313327
0.1057944
0.1649889
0.1981163
0.1925159
0.1503193
0.08765689
0.02846092
-0.004666799
0.000932453
0.0431284
0.1057909
0.1649864
0.1981135
0.1925137
0.1503175
0.08765472
0.02845951
-0.004667252
0.0009331055
0.04312607
0.1057797
0.1649863
0.1981137
0.1925078
0.1503166
0.08766387
0.02846178
-0.004670328
0.0009340041
0.04312692
0.1057818
0.1649859
0.1981129
0.1925083
0.1503184
0.08766016
0.02845789
-0.004667407
0.0009380932
0.04312881
0.1057873
0.1649893
0.198114
0.1925081
0.1503169
0.08765823
0.02845497
-0.004666472
0.0009334842
0.04312188
0.1057844
0.1649878
0.1981078
0.1925013
0.1503172
0.08765896
0.02845471
-0.004667953
0.0009385063
0.04312724
0.105787
0.1649897
0.1981153
0.1925085
0.1503187
0.08765887
0.02845623
-0.004669038
0.0009383216
0.0431287
0.1057886
0.1649909
0.1981159
0.1925128
0.1503293
0.08766174
0.02846028
-0.004661279
0.0009400378
0.04312351
0.1057905
0.164994
0.1981146
0.1925119
0.1503282
0.087659
0.02845782
-0.004663525
0.0009370631
0.04312243
0.1057899
0.1649902
0.1981105
0.1925091
0.1503232
0.08765572
0.0284557
-0.004664258
0.0009377528
0.04312403
0.1057904
0.1649825
0.1981133
0.1925136
0.1503212
0.08765627
0.0284653
-0.004658612
0.000935785
0.04312423
0.105791
0.1649849
0.1981101
0.1925099
0.15032
0.08765611
0.02845839
-0.004665555
0.0009365747
0.04312673
0.1057912
0.1649888
0.1981125
0.1925097
0.1503191
0.0876544
0.02845681
-0.004669899
0.0009305334
0.04312209
0.1057844
0.1649824
0.1981103
0.1925088
0.1503136
0.08765262
0.02845804
-0.004669625
0.0009304148
0.04312696
0.1057893
0.1649854
0.1981134
0.1925142
0.1503185
0.08765595
0.0284605
-0.004666938
0.0009326705
0.04312887
0.1057915
0.1649868
0.1981135
0.1925136
0.1503209
0.08766725
0.02846054
-0.004667219
0.0009386387
0.04312955
0.1057824
0.1649844
0.1981166
0.1925127
0.1503199
0.08766516
0.02846081
-0.004666324
0.0009380868
0.04312781
0.1057859
0.1649881
0.1981139
0.1925087
0.150318
0.08765967
0.02845745
-0.004667586
0.0009383022
0.04312931
0.1057879
0.1649912
0.198113
0.1925132
0.150325
0.08766252
0.02845907
-0.00466115
0.0009451573
0.0431292
0.1057872
0.1649916
0.1981143
0.1925084
0.1503197
0.08765986
0.02845719
-0.004668723
0.000937817
0.04312756
0.1057874
0.1649901
0.1981154
0.1925082
0.1503182
0.08765833
0.02845581
-0.00466936
0.0009336934
0.04311685
0.1057844
0.1649861
0.1981076
0.1925066
0.1503234
0.08765631
0.02845279
-0.004668008
0.000934392
0.04311808
0.1057872
0.1649885
0.19811
0.1925096
0.1503245
0.08765697
0.02845667
-0.004663954
0.000937263
0.04312291
0.1057905
0.1649906
0.1981106
0.1925089
0.1503228
0.08765657
0.02846422
-0.004666799
0.0009327893
0.04312479
0.1057899
0.164981
0.1981051
0.1925108
0.1503226
0.08765592
0.02846205
-0.004663529
0.0009366474
0.04312614
0.1057899
0.1649878
0.1981121
0.1925103
0.1503201
0.08765566
0.02845796
-0.00466569
0.0009367833
0.04312727
0.1057918
0.1649895
0.1981165
0.192516
0.1503247
0.08766243
0.02846456
-0.00466363
0.000937488
0.04313267
0.1057936
0.1649884
0.1981161
0.1925162
0.15032
0.08765767
0.02846147
-0.004666639
0.0009321806
0.04312775
0.1057902
0.1649858
0.1981134
0.1925139
0.1503181
0.08765543
0.02846008
-0.004667059
0.0009327743
0.04312542
0.1057789
0.1649858
0.1981135
0.1925081
0.1503173
0.08766463
0.02846237
-0.004670144
0.000933737
0.04312629
0.1057811
0.1649852
0.1981128
0.1925085
0.150319
0.08766092
0.02845844
-0.004667265
0.0009378034
0.04312819
0.1057864
0.1649888
0.1981139
0.1925085
0.1503175
0.08765901
0.02845551
-0.004666308
0.0009331643
0.0431212
0.1057836
0.1649873
0.1981075
0.1925015
0.1503178
0.08765962
0.02845527
-0.004667727
0.000938214
0.04312661
0.1057863
0.164989
0.198115
0.1925089
0.1503193
0.08765959
0.02845679
-0.004668878
0.0009380504
0.04312805
0.1057879
0.1649904
0.1981157
0.1925129
0.1503301
0.08766258
0.02846085
-0.004661105
0.0009397594
0.04312289
0.1057898
0.1649935
0.1981145
0.1925123
0.1503289
0.08765971
0.02845839
-0.004663343
0.0009367552
0.04312177
0.1057891
0.1649896
0.1981104
0.1925094
0.150324
0.0876564
0.02845626
-0.004664076
0.0009374546
0.04312337
0.1057896
0.1649819
0.1981131
0.1925139
0.1503219
0.08765701
0.02846589
-0.004658428
0.0009354747
0.04312354
0.1057902
0.1649842
0.19811
0.1925101
0.1503207
0.08765696
0.02845896
-0.004665392
0.0009362591
0.04312614
0.1057904
0.1649882
0.1981123
0.19251
0.1503197
0.08765514
0.02845734
-0.004669753
0.0009302411
0.04312151
0.1057837
0.1649817
0.1981101
0.1925092
0.1503142
0.08765343
0.02845859
-0.004669462
0.0009301273
0.04312632
0.1057885
0.1649849
0.1981131
0.1925144
0.1503191
0.08765667
0.02846105
-0.004666751
0.0009323669
0.04312824
0.1057907
0.1649862
0.1981135
0.1925138
0.1503216
0.08766804
0.02846112
-0.004667023
0.0009383537
0.04312892
0.1057815
0.1649838
0.1981165
0.1925129
0.1503205
0.08766595
0.02846137
-0.004666143
0.0009377717
0.04312708
0.1057852
0.1649877
0.1981137
0.1925088
0.1503187
0.08766031
0.02845801
-0.004667394
0.0009380032
0.04312865
0.1057872
0.1649907
0.1981127
0.1925136
0.1503256
0.08766332
0.02845963
-0.004661002
0.0009448766
0.0431285
0.1057865
0.1649912
0.1981142
0.1925086
0.1503203
0.08766057
0.02845776
-0.004668578
0.0009375311
0.04312687
0.1057865
0.1649896
0.1981153
0.1925086
0.1503188
0.08765905
0.02845638
-0.004669196
0.0009334043
0.04311622
0.1057837
0.1649854
0.1981074
0.192507
0.150324
0.08765711
0.02845336
-0.004667836
0.0009341
0.0431175
0.1057865
0.1649879
0.1981097
0.1925098
0.1503252
0.08765777
0.02845724
-0.004663775
0.0009369632
0.04312225
0.1057897
0.16499
0.1981105
0.1925092
0.1503234
0.08765738
0.02846481
-0.004666602
0.0009325171
0.04312418
0.1057892
0.1649804
0.1981048
0.1925112
0.1503233
0.08765667
0.02846261
-0.004663333
0.0009363542
0.04312549
0.1057893
0.1649874
0.1981118
0.1925105
0.1503207
0.08765639
0.02845856
-0.004665521
0.0009364806
0.04312661
0.105791
0.1649889
0.1981164
0.1925164
0.1503254
0.08766323
0.0284651
-0.004663446
0.0009372043
0.04313204
0.1057928
0.1649877
0.1981158
0.1925165
0.1503207
0.08765838
0.02846205
-0.004666473
0.0009318698
0.04312715
0.1057894
0.1649853
0.1981133
0.1925142
0.1503187
0.08765617
0.02846066
-0.004666884
0.0009324821
0.04312479
0.1057782
0.1649852
0.1981133
0.1925083
0.150318
0.08766535
0.02846294
-0.004669985
0.000933399
0.04312565
0.1057803
0.1649848
0.1981125
0.1925089
0.1503197
0.08766173
0.02845901
-0.004667106
0.0009375003
0.04312755
0.1057857
0.1649881
0.1981138
0.1925087
0.1503181
0.0876597
0.02845609
-0.004666176
0.0009328867
0.04312059
0.1057828
0.1649866
0.1981074
0.1925019
0.1503184
0.08766036
0.02845584
-0.004667591
0.0009379091
0.04312601
0.1057856
0.1649886
0.198115
0.1925093
0.15032
0.08766038
0.02845735
-0.004668707
0.0009377411
0.0431274
0.1057872
0.16499
0.1981155
0.1925132
0.1503307
0.08766333
0.02846141
-0.004660963
0.0009394858
0.04312218
0.1057891
0.164993
0.1981142
0.1925126
0.1503294
0.08766042
0.02845896
-0.004663179
0.0009364837
0.0431211
0.1057884
0.1649889
0.1981103
0.1925097
0.1503247
0.08765718
0.02845682
-0.004663933
0.0009371853
0.04312275
0.1057888
0.1649816
0.1981129
0.1925141
0.1503227
0.08765773
0.02846645
-0.004658279
0.0009352031
0.0431229
0.1057895
0.1649836
0.1981098
0.1925103
0.1503214
0.08765765
0.02845951
-0.004665222
0.0009359925
0.0431255
0.1057897
0.1649877
0.198112
0.1925103
0.1503202
0.08765586
0.02845793
-0.004669579
0.000929959
0.04312084
0.105783
0.1649811
0.19811
0.1925095
0.1503148
0.08765408
0.02845918
-0.004669292
0.0009298354
0.04312571
0.1057878
0.1649843
0.1981129
0.1925147
0.1503198
0.08765746
0.02846163
-0.004666593
0.0009320888
0.04312759
0.10579
0.1649856
0.1981134
0.1925141
0.1503221
0.08766875
0.02846168
-0.004666852
0.0009380584
0.04312825
0.1057808
0.1649833
0.1981164
0.1925132
0.1503213
0.08766665
0.02846195
-0.004665977
0.0009374727
0.04312648
0.1057845
0.164987
0.1981135
0.1925091
0.1503192
0.08766121
0.02845859
-0.004667238
0.0009377177
0.04312801
0.1057863
0.16499
0.1981125
0.1925139
0.1503262
0.08766399
0.02846019
-0.004660854
0.0009445752
0.04312786
0.1057857
0.1649905
0.1981139
0.1925088
0.150321
0.08766132
0.02845831
-0.004668405
0.0009372357
0.04312628
0.1057859
0.1649889
0.198115
0.1925091
0.1503195
0.08765983
0.02845694
-0.004669014
0.0009331083
0.04311561
0.1057829
0.1649848
0.1981073
0.1925072
0.1503247
0.0876578
0.02845393
-0.004667672
0.0009338071
0.04311685
0.1057857
0.1649875
0.1981097
0.1925102
0.1503258
0.08765852
0.02845782
-0.004663623
0.0009366786
0.04312162
0.105789
0.1649894
0.1981103
0.1925095
0.1503241
0.08765807
0.02846537
-0.004666444
0.0009322308
0.04312347
0.1057884
0.1649798
0.1981046
0.1925116
0.1503239
0.08765742
0.02846319
-0.004663139
0.0009360656
0.04312481
0.1057885
0.1649867
0.1981117
0.1925106
0.1503214
0.08765718
0.02845911
-0.004665352
0.0009362076
0.04312591
0.1057903
0.1649882
0.1981161
0.1925168
0.1503261
0.08766394
0.02846567
-0.004663268
0.0009369192
0.04313139
0.105792
0.1649871
0.1981157
0.192517
0.1503212
0.08765914
0.02846261
-0.004666294
0.0009315732
0.04312648
0.1057887
0.1649847
0.198113
0.1925145
0.1503194
0.08765691
0.02846121
-0.004666723
0.0009321923
0.04312415
0.1057774
0.1649846
0.1981132
0.1925085
0.1503186
0.08766609
0.02846347
-0.004669812
0.0009331275
0.04312498
0.1057794
0.1649842
0.1981123
0.1925092
0.1503203
0.08766242
0.02845955
-0.004666913
0.0009371968
0.04312687
0.1057851
0.1649875
0.1981136
0.1925089
0.1503189
0.08766043
0.02845665
-0.004665957
0.000932583
0.04311998
0.1057822
0.1649859
0.1981072
0.192502
0.150319
0.08766121
0.02845641
-0.004667397
0.000937657
0.04312531
0.1057849
0.1649881
0.1981148
0.1925095
0.1503207
0.08766105
0.02845792
-0.004668524
0.00093746
0.04312677
0.1057863
0.1649894
0.1981154
0.1925136
0.1503313
0.08766397
0.02846197
-0.004660778
0.000939195
0.04312154
0.1057883
0.1649924
0.1981141
0.1925129
0.1503301
0.08766118
0.02845953
-0.004663036
0.000936198
0.04312052
0.1057877
0.1649885
0.1981101
0.19251
0.1503254
0.08765792
0.02845741
-0.004663768
0.000936882
0.04312211
0.1057881
0.1649809
0.1981129
0.1925144
0.1503233
0.08765847
0.028467
-0.004658108
0.000934881
0.04312223
0.1057887
0.164983
0.1981096
0.1925107
0.150322
0.08765842
0.02846008
-0.004665073
0.0009356771
0.04312486
0.105789
0.1649872
0.1981118
0.1925106
0.1503208
0.08765662
0.02845849
-0.004669392
0.0009296567
0.04312017
0.1057822
0.1649805
0.1981099
0.1925099
0.1503154
0.08765483
0.02845974
-0.00466915
0.0009295541
0.04312501
0.105787
0.1649838
0.1981128
0.192515
0.1503204
0.08765824
0.02846219
-0.004666452
0.0009318009
0.04312696
0.1057892
0.1649851
0.1981132
0.1925144
0.1503228
0.08766951
0.02846224
-0.004666676
0.0009377837
0.04312766
0.10578
0.1649827
0.1981162
0.1925135
0.150322
0.08766733
0.0284625
-0.004665816
0.0009371888
0.04312587
0.1057837
0.1649866
0.1981132
0.1925094
0.1503199
0.08766193
0.02845915
-0.00466706
0.0009374325
0.04312739
0.1057857
0.1649894
0.1981124
0.1925141
0.1503268
0.08766474
0.02846076
-0.004660673
0.0009442884
0.04312724
0.105785
0.1649897
0.1981139
0.1925091
0.1503217
0.08766202
0.02845887
-0.004668226
0.0009369681
0.04312565
0.1057851
0.1649884
0.1981149
0.1925094
0.1503201
0.08766054
0.02845752
-0.004668854
0.0009328176
0.04311497
0.1057822
0.1649843
0.1981072
0.1925076
0.1503254
0.08765856
0.02845449
-0.004667494
0.0009335171
0.04311619
0.105785
0.1649869
0.1981094
0.1925105
0.1503263
0.08765919
0.02845837
-0.004663456
0.0009363722
0.04312097
0.1057882
0.1649889
0.1981101
0.1925097
0.1503248
0.08765893
0.02846593
-0.004666276
0.0009319407
0.04312287
0.1057877
0.1649793
0.1981045
0.1925118
0.1503246
0.08765818
0.02846376
-0.004663019
0.0009357699
0.04312416
0.1057877
0.1649861
0.1981115
0.192511
0.150322
0.08765791
0.02845966
-0.004665195
0.0009359028
0.04312532
0.1057896
0.1649878
0.1981159
0.1925171
0.1503266
0.08766465
0.02846625
-0.004663115
0.0009366135
0.04313078
0.1057913
0.1649865
0.1981158
0.1925171
0.1503217
0.08765984
0.02846318
-0.004666119
0.0009312654
0.04312585
0.1057879
0.1649842
0.1981129
0.1925149
0.15032
0.08765764
0.02846177
-0.004666572
0.0009318948
0.0431235
0.1057767
0.1649841
0.1981131
0.1925088
0.1503192
0.08766681
0.02846403
-0.004669645
0.0009328381
0.04312436
0.1057788
0.1649837
0.1981122
0.1925095
0.1503211
0.0876632
0.02846014
-0.004666761
0.0009369268
0.04312629
0.1057843
0.1649869
0.1981134
0.1925092
0.1503193
0.08766123
0.0284572
-0.004665821
0.0009322843
0.04311935
0.1057813
0.1649853
0.1981071
0.1925025
0.1503196
0.08766183
0.02845698
-0.004667235
0.0009373389
0.04312469
0.105784
0.1649874
0.1981147
0.1925099
0.1503213
0.08766183
0.0284585
-0.004668336
0.0009371853
0.04312611
0.1057857
0.1649888
0.1981152
0.192514
0.150332
0.08766474
0.02846255
-0.004660601
0.0009388713
0.04312091
0.1057876
0.1649917
0.198114
0.1925131
0.1503307
0.08766192
0.02846011
-0.004662854
0.0009359063
0.04311983
0.105787
0.164988
0.1981099
0.1925103
0.1503259
0.08765864
0.02845799
-0.004663383
0.000941358
0.04312981
0.105779
0.1649843
0.1981208
0.1925105
0.1503182
0.08767039
0.02847286
-0.004662202
0.00093957
0.04312962
0.1057789
0.1649839
0.1981144
0.1925043
0.1503174
0.08766606
0.02845816
-0.00467027
0.0009416011
0.04312928
0.1057814
0.164989
0.198117
0.1925045
0.1503165
0.08766422
0.02845676
-0.004670694
0.0009423314
0.04313087
0.1057832
0.1649904
0.1981175
0.1925039
0.1503149
0.08766244
0.02845534
-0.004671516
0.000933342
0.04310788
0.1057756
0.164981
0.1981015
0.1925011
0.1503269
0.08766035
0.02845071
-0.004668392
0.0009340105
0.04310878
0.1057794
0.1649846
0.1981056
0.1925078
0.1503307
0.08766336
0.02845989
-0.004659911
0.0009390054
0.04311674
0.105784
0.1649872
0.1981065
0.1925072
0.150329
0.08766157
0.02845846
-0.004660326
0.0009397211
0.0431183
0.1057859
0.1649885
0.198107
0.1925064
0.1503274
0.08765965
0.02845708
-0.00466074
0.0009404466
0.04311991
0.1057878
0.1649901
0.1981075
0.1925058
0.1503256
0.08765791
0.02845569
-0.004661129
0.0009411864
0.04312151
0.1057896
0.1649919
0.1981158
0.1925186
0.1503367
0.08767331
0.02847021
-0.004656606
0.0009418767
0.04313079
0.1057913
0.1649881
0.1981148
0.1925195
0.1503285
0.08766544
0.0284655
-0.004662214
0.0009304803
0.04311941
0.1057827
0.1649818
0.198109
0.1925157
0.1503264
0.08766291
0.02846408
-0.004662646
0.0009312251
0.043121
0.1057845
0.1649835
0.1981094
0.192515
0.1503247
0.08766112
0.02846268
-0.004663053
0.0009319314
0.04312257
0.1057864
0.1649847
0.1981097
0.1925144
0.1503231
0.08765925
0.02846127
-0.004663453
0.0009326649
0.04312417
0.1057882
0.164986
0.1981101
0.1925135
0.1503215
0.08765709
0.02845684
-0.004661181
0.0009226914
0.04310868
0.1057805
0.1649813
0.198097
0.1925006
0.1503234
0.0876603
0.02845776
-0.004663607
0.0009320463
0.04311783
0.1057842
0.1649837
0.1981117
0.192516
0.1503281
0.08766206
0.02846221
-0.004665446
0.0009309972
0.0431191
0.1057854
0.164985
0.1981122
0.1925151
0.1503266
0.08766021
0.0284608
-0.004665846
0.0009317306
0.04312073
0.1057873
0.1649864
0.1981126
0.1925145
0.1503251
0.08765835
0.0284594
-0.004666244
0.0009324384
0.04312233
0.1057892
0.164988
0.1981131
0.1925138
0.1503234
0.08765645
0.02845799
-0.004666692
0.0009331758
0.04312392
0.105788
0.1649714
0.1981182
0.1925234
0.1503211
0.08765949
0.02847864
-0.004654972
0.0009284627
0.04312267
0.1057876
0.1649743
0.1981111
0.1925165
0.1503201
0.08766116
0.02846619
-0.004668455
0.0009293191
0.04312622
0.1057862
0.164981
0.1981153
0.1925168
0.1503196
0.08765935
0.0284648
-0.004668867
0.0009300533
0.04312782
0.105788
0.1649825
0.1981156
0.1925161
0.1503179
0.08765756
0.02846341
-0.00466927
0.000930788
0.04312938
0.1057899
0.1649838
0.1981161
0.1925155
0.1503162
0.08765581
0.02846201
-0.004669708
0.0009315095
0.04313094
0.1057917
0.1649853
0.1981165
0.192515
0.1503226
0.08768019
0.02846349
-0.004669799
0.0009427195
0.04313079
0.1057716
0.1649793
0.1981222
0.1925137
0.1503224
0.08767781
0.02846545
-0.004667652
0.0009408328
0.04312556
0.105777
0.1649856
0.1981161
0.1925063
0.1503202
0.08766864
0.02846012
-0.004669688
0.0009405965
0.04312708
0.1057788
0.1649872
0.1981165
0.1925056
0.1503186
0.08766681
0.02845872
-0.004670133
0.0009413012
0.04312864
0.1057805
0.1649886
0.1981167
0.1925049
0.1503171
0.08766507
0.02845733
-0.004670552
0.0009420361
0.04313022
0.1057825
0.16499
0.1981174
0.1925041
0.1503155
0.08766311
0.02845591
-0.004671347
0.0009330555
0.04310726
0.1057748
0.1649804
0.1981014
0.1925015
0.1503276
0.08766112
0.0284513
-0.004668224
0.0009337235
0.04310814
0.1057787
0.164984
0.1981056
0.1925082
0.1503313
0.08766405
0.02846044
-0.004659714
0.0009386957
0.0431161
0.1057833
0.1649868
0.1981065
0.1925075
0.1503296
0.08766229
0.02845906
-0.004660121
0.000939437
0.04311769
0.1057852
0.164988
0.198107
0.1925068
0.1503281
0.08766045
0.02845764
-0.004660572
0.000940163
0.0431193
0.105787
0.1649895
0.1981073
0.192506
0.1503264
0.08765872
0.02845624
-0.004660991
0.0009408724
0.04312088
0.1057889
0.1649912
0.1981156
0.1925188
0.1503373
0.08767404
0.02847079
-0.004656435
0.0009415799
0.04313017
0.1057905
0.1649874
0.1981146
0.1925198
0.1503292
0.08766615
0.02846607
-0.004662073
0.0009301954
0.0431188
0.105782
0.1649812
0.1981088
0.192516
0.1503271
0.08766364
0.02846467
-0.004662485
0.0009309234
0.04312035
0.1057838
0.1649827
0.1981093
0.1925154
0.1503255
0.08766181
0.02846326
-0.004662887
0.0009316509
0.04312197
0.1057856
0.1649842
0.1981095
0.1925146
0.1503237
0.08766002
0.02846183
-0.004663319
0.0009323821
0.04312351
0.1057874
0.1649854
0.19811
0.1925138
0.150322
0.08765784
0.0284574
-0.004660996
0.0009223917
0.04310807
0.1057798
0.1649807
0.1980968
0.1925009
0.150324
0.08766105
0.02845831
-0.004663426
0.0009317722
0.0431172
0.1057834
0.164983
0.1981116
0.1925162
0.1503287
0.08766274
0.02846277
-0.004665248
0.0009307226
0.04311853
0.1057848
0.1649844
0.198112
0.1925155
0.1503272
0.08766088
0.02846137
-0.00466566
0.0009314218
0.04312003
0.1057865
0.1649858
0.1981124
0.1925148
0.1503258
0.08765905
0.02845997
-0.004666117
0.0009321591
0.04312165
0.1057884
0.1649874
0.1981129
0.192514
0.1503241
0.08765723
0.02845857
-0.004666507
0.0009328735
0.04312329
0.1057873
0.1649707
0.198118
0.1925237
0.1503219
0.08766019
0.02847921
-0.004654823
0.0009281789
0.04312205
0.1057868
0.1649738
0.1981109
0.1925166
0.1503208
0.08766195
0.02846673
-0.004668271
0.00092904
0.04312555
0.1057855
0.1649804
0.1981149
0.1925172
0.1503201
0.08766013
0.02846535
-0.004668701
0.000929769
0.04312718
0.1057872
0.1649818
0.1981155
0.1925164
0.1503187
0.08765829
0.02846394
-0.004669103
0.000930486
0.04312877
0.1057892
0.1649833
0.198116
0.1925157
0.150317
0.08765652
0.02846257
-0.004669541
0.0009312163
0.04313034
0.1057911
0.1649844
0.1981163
0.1925152
0.1503231
0.087681
0.02846404
-0.004669618
0.0009424241
0.04313013
0.1057708
0.1649787
0.198122
0.1925139
0.1503231
0.08767863
0.02846599
-0.004667473
0.000940532
0.04312491
0.1057762
0.1649853
0.1981158
0.1925065
0.1503208
0.08766948
0.02846068
-0.004669526
0.0009403111
0.04312648
0.105778
0.1649864
0.1981164
0.192506
0.1503192
0.08766752
0.02845928
-0.004669938
0.0009410278
0.04312803
0.1057799
0.1649881
0.1981166
0.1925052
0.1503177
0.08766577
0.02845788
-0.004670383
0.0009417412
0.04312956
0.1057817
0.1649893
0.1981171
0.1925045
0.1503163
0.08766393
0.02845647
-0.004671181
0.0009327362
0.04310661
0.1057741
0.1649798
0.1981013
0.1925017
0.1503282
0.08766181
0.02845185
-0.00466805
0.0009334225
0.04310748
0.105778
0.1649834
0.1981054
0.1925085
0.1503318
0.08766485
0.02846102
-0.004659568
0.0009384016
0.04311544
0.1057826
0.1649863
0.1981063
0.1925078
0.1503303
0.08766304
0.02845963
-0.004659972
0.0009391411
0.04311701
0.1057843
0.1649875
0.1981067
0.192507
0.1503287
0.08766127
0.02845825
-0.004660391
0.0009398595
0.04311863
0.1057862
0.1649889
0.198107
0.1925061
0.1503271
0.08765931
0.02845683
-0.004660813
0.0009405859
0.04312023
0.1057881
0.1649906
0.1981155
0.1925191
0.1503378
0.08767475
0.02847134
-0.004656265
0.0009412934
0.04312955
0.1057898
0.1649868
0.1981145
0.1925202
0.1503299
0.08766695
0.02846663
-0.004661878
0.0009299116
0.04311814
0.1057812
0.1649807
0.1981087
0.1925163
0.1503277
0.08766437
0.02846521
-0.004662312
0.0009306369
0.04311973
0.105783
0.1649821
0.1981091
0.1925156
0.1503261
0.08766256
0.0284638
-0.004662743
0.0009313734
0.04312132
0.1057849
0.1649837
0.1981094
0.1925149
0.1503244
0.08766081
0.0284624
-0.004663148
0.0009320813
0.04312288
0.1057867
0.1649848
0.1981098
0.1925142
0.1503227
0.0876586
0.02845798
-0.004660829
0.0009221123
0.04310741
0.1057791
0.1649802
0.1980966
0.1925011
0.1503247
0.08766181
0.02845891
-0.004663265
0.0009314642
0.04311655
0.1057827
0.1649825
0.1981114
0.1925165
0.1503296
0.08766344
0.02846333
-0.004665071
0.0009304052
0.04311782
0.105784
0.164984
0.1981117
0.1925159
0.1503279
0.08766166
0.02846193
-0.004665521
0.0009311518
0.04311942
0.1057857
0.1649852
0.1981122
0.192515
0.1503263
0.08765979
0.02846052
-0.004665918
0.0009318631
0.04312105
0.1057876
0.1649867
0.1981126
0.1925143
0.1503248
0.08765798
0.02845914
-0.004666343
0.0009325938
0.04312267
0.1057866
0.1649703
0.1981179
0.192524
0.1503224
0.0876609
0.02847978
-0.004654638
0.0009278722
0.04312136
0.1057861
0.1649732
0.1981108
0.1925168
0.1503214
0.08766268
0.02846734
-0.00466813
0.0009287418
0.04312494
0.1057847
0.1649799
0.1981147
0.1925175
0.1503208
0.08766092
0.02846593
-0.004668523
0.0009294691
0.04312648
0.1057865
0.1649812
0.1981153
0.1925166
0.1503194
0.08765899
0.02846453
-0.00466895
0.0009301883
0.04312814
0.1057884
0.1649826
0.1981157
0.1925159
0.1503176
0.0876572
0.0284631
-0.004669375
0.0009309056
0.04312968
0.1057903
0.164984
0.1981161
0.1925155
0.1503238
0.08768174
0.0284646
-0.004669465
0.0009421306
0.0431295
0.10577
0.1649781
0.1981219
0.1925143
0.1503238
0.08767933
0.02846656
-0.004667311
0.0009402394
0.04312425
0.1057754
0.1649847
0.1981156
0.1925068
0.1503214
0.08767017
0.02846124
-0.004669359
0.0009400036
0.04312579
0.1057774
0.1649858
0.1981162
0.1925062
0.15032
0.08766823
0.02845985
-0.004669766
0.000940726
0.04312738
0.1057792
0.1649875
0.1981166
0.1925054
0.1503183
0.08766649
0.02845842
-0.004670222
0.0009414597
0.043129
0.1057809
0.1649888
0.1981168
0.1925047
0.1503168
0.08766464
0.02845705
-0.00467102
0.0009324729
0.04310596
0.1057733
0.1649793
0.1981011
0.1925021
0.1503289
0.08766256
0.02845241
-0.004667902
0.0009331363
0.04310687
0.1057772
0.1649828
0.1981052
0.1925088
0.1503325
0.08766568
0.0284616
-0.004659391
0.0009381266
0.04311486
0.1057818
0.1649858
0.1981062
0.192508
0.150331
0.08766378
0.02846019
-0.0046598
0.0009388515
0.04311639
0.1057836
0.164987
0.1981065
0.1925074
0.1503293
0.087662
0.02845879
-0.004660225
0.000939579
0.04311801
0.1057855
0.1649882
0.1981069
0.1925066
0.1503278
0.08766006
0.0284574
-0.004660618
0.00094028
0.04311962
0.1057874
0.1649902
0.1981153
0.1925194
0.1503385
0.0876756
0.02847192
-0.004656097
0.0009409924
0.04312886
0.105789
0.1649863
0.1981142
0.1925203
0.1503304
0.08766773
0.02846719
-0.00466172
0.0009296217
0.04311748
0.1057804
0.1649801
0.1981085
0.1925166
0.1503283
0.08766511
0.02846576
-0.004662145
0.0009303413
0.04311906
0.1057824
0.1649815
0.1981089
0.1925159
0.1503267
0.08766333
0.02846438
-0.004662545
0.0009310585
0.04312066
0.1057842
0.164983
0.1981093
0.1925153
0.1503251
0.08766151
0.02846299
-0.004662978
0.0009317819
0.04312221
0.105786
0.1649844
0.1981097
0.1925145
0.1503235
0.08765941
0.02845854
-0.004660664
0.0009218268
0.04310675
0.1057784
0.1649797
0.1980965
0.1925013
0.1503253
0.0876625
0.02845944
-0.004663127
0.0009311907
0.04311588
0.105782
0.164982
0.1981112
0.1925169
0.1503301
0.08766416
0.02846389
-0.0046649
0.0009301208
0.0431172
0.1057832
0.1649832
0.1981116
0.192516
0.1503284
0.08766238
0.02846251
-0.00466535
0.0009308415
0.04311878
0.1057851
0.1649847
0.1981121
0.1925154
0.1503269
0.08766054
0.02846111
-0.004665757
0.0009315728
0.04312038
0.1057869
0.164986
0.1981124
0.1925147
0.1503255
0.08765868
0.0284597
-0.004666188
0.0009322832
0.04312205
0.1057858
0.1649697
0.1981178
0.1925243
0.1503231
0.0876617
0.02848033
-0.004654473
0.000927591
0.0431207
0.1057853
0.1649725
0.1981106
0.1925171
0.150322
0.08766343
0.02846788
-0.004667953
0.0009284549
0.04312428
0.105784
0.1649793
0.1981146
0.1925178
0.1503214
0.08766168
0.0284665
-0.004668373
0.0009291892
0.04312585
0.1057858
0.1649806
0.1981152
0.192517
0.1503199
0.08765969
0.02846509
-0.004668804
0.0009298974
0.04312747
0.1057876
0.164982
0.1981156
0.1925162
0.1503182
0.08765799
0.0284637
-0.004669192
0.0009306232
0.04312908
0.1057895
0.1649836
0.1981161
0.1925157
0.1503245
0.08768245
0.02846519
-0.004669288
0.0009418226
0.04312886
0.1057692
0.1649775
0.1981216
0.1925146
0.1503244
0.08768002
0.02846714
-0.004667152
0.0009399694
0.04312364
0.1057746
0.164984
0.1981154
0.1925072
0.150322
0.087671
0.0284618
-0.004669208
0.0009397205
0.04312513
0.1057765
0.1649854
0.198116
0.1925064
0.1503205
0.08766907
0.02846043
-0.004669598
0.0009404388
0.04312678
0.1057784
0.1649868
0.1981165
0.1925058
0.150319
0.08766712
0.02845902
-0.00467003
0.0009411668
0.04312827
0.1057803
0.1649883
0.1981166
0.192505
0.1503175
0.0876654
0.02845762
-0.004670845
0.0009321737
0.04310533
0.1057726
0.1649787
0.1981009
0.1925022
0.1503295
0.08766336
0.02845298
-0.004667703
0.0009328478
0.0431062
0.1057764
0.1649824
0.1981051
0.1925091
0.1503331
0.08766644
0.02846215
-0.004659217
0.0009378339
0.04311418
0.1057811
0.1649852
0.1981061
0.1925084
0.1503315
0.08766453
0.02846076
-0.004659651
0.0009385492
0.04311574
0.1057829
0.1649867
0.1981064
0.1925076
0.15033
0.08766269
0.02845934
-0.004660075
0.0009392823
0.04311732
0.1057847
0.1649878
0.1981068
0.1925069
0.1503285
0.08766086
0.02845795
-0.004660476
0.0009399973
0.04311899
0.1057866
0.1649896
0.198115
0.1925195
0.1503392
0.08767629
0.02847247
-0.004655936
0.0009407012
0.04312822
0.1057884
0.1649857
0.1981141
0.1925206
0.150331
0.08766848
0.02846775
-0.004661544
0.0009293276
0.04311685
0.1057797
0.1649794
0.1981083
0.1925169
0.150329
0.08766587
0.02846632
-0.00466196
0.000930058
0.04311842
0.1057815
0.1649809
0.1981087
0.1925162
0.1503273
0.08766409
0.02846495
-0.004662376
0.0009307878
0.04312002
0.1057834
0.1649824
0.1981092
0.1925157
0.1503258
0.08766214
0.02846355
-0.004662788
0.0009314945
0.04312164
0.1057852
0.1649839
0.1981095
0.1925147
0.1503241
0.08766014
0.02845912
-0.004660496
0.0009215191
0.04310615
0.1057777
0.164979
0.1980962
0.1925016
0.1503259
0.08766332
0.02846001
-0.004662907
0.0009308931
0.04311525
0.1057812
0.1649814
0.1981109
0.1925171
0.1503307
0.08766498
0.02846448
-0.004664766
0.0009298216
0.04311657
0.1057825
0.1649827
0.1981115
0.1925164
0.1503292
0.08766314
0.02846305
-0.004665187
0.0009305589
0.04311817
0.1057843
0.1649842
0.1981119
0.1925156
0.1503276
0.08766127
0.02846166
-0.00466558
0.0009312686
0.04311978
0.105786
0.1649855
0.1981124
0.192515
0.150326
0.08765941
0.02846025
-0.004666002
0.0009319998
0.0431214
0.105785
0.1649692
0.1981176
0.1925246
0.1503239
0.08766247
0.0284809
-0.004654276
0.0009272774
0.04312006
0.1057845
0.164972
0.1981105
0.1925175
0.1503228
0.08766416
0.02846846
-0.004667771
0.0009281598
0.04312364
0.1057832
0.1649788
0.1981143
0.192518
0.150322
0.08766243
0.02846707
-0.004668202
0.00092888
0.0431252
0.1057851
0.16498
0.1981148
0.1925174
0.1503205
0.08766053
0.02846566
-0.004668621
0.0009295978
0.04312684
0.1057868
0.1649815
0.1981154
0.1925165
0.150319
0.08765864
0.02846426
-0.004669037
0.0009303387
0.04312842
0.1057887
0.164983
0.1981158
0.192516
0.1503252
0.08768315
0.02846573
-0.004669133
0.0009415377
0.04312821
0.1057686
0.1649769
0.1981215
0.192515
0.150325
0.08768079
0.0284677
-0.004666982
0.0009396493
0.043123
0.105774
0.1649834
0.1981152
0.1925074
0.1503228
0.0876718
0.02846237
-0.004669015
0.0009394242
0.04312447
0.1057758
0.164985
0.1981157
0.1925066
0.1503211
0.08766988
0.02846099
-0.004669436
0.0009401482
0.04312607
0.1057777
0.1649861
0.1981164
0.1925061
0.1503196
0.08766799
0.02845959
-0.004669861
0.0009408515
0.04312769
0.1057795
0.1649878
0.1981167
0.1925054
0.150318
0.08766612
0.02845818
-0.004670685
0.0009318695
0.04310465
0.1057718
0.1649782
0.1981007
0.1925026
0.1503303
0.08766404
0.02845356
-0.004667541
0.0009325601
0.04310555
0.1057756
0.1649817
0.1981049
0.1925093
0.1503339
0.08766715
0.02846271
-0.004659045
0.0009375124
0.0431135
0.1057804
0.1649845
0.1981059
0.1925086
0.1503321
0.08766528
0.02846129
-0.004659491
0.0009382563
0.04311512
0.1057822
0.164986
0.1981062
0.1925079
0.1503307
0.0876634
0.02845993
-0.004659905
0.0009389739
0.04311671
0.105784
0.1649872
0.1981066
0.1925072
0.150329
0.08766161
0.02845851
-0.004660319
0.0009397038
0.04311827
0.1057859
0.1649889
0.1981149
0.1925199
0.15034
0.08767698
0.02847303
-0.004655773
0.0009404187
0.04312761
0.1057876
0.164985
0.1981141
0.1925209
0.1503316
0.08766922
0.02846833
