0
0
0
0
0
0
0
0
0
0
0
0
0
0
0
0
0
0
0
0
0
0
0
0
0
0
0
0
0
0
0
0
0
0
0
0
0
0
0
0
0
0
0
0
0
0
0
0
0
0
0
0
0
0
0
0
0
0
0
0
0
0
0
0
0
0
0
0
0
0
0
0
0
0
0
0
0
0
0
0
0
0
0
0
0
0
0
0
0
0
0
0
0
0
0
0
0
0
0
0
0
0
0
0
0
0
0
0
0
0
0
0
0
0
0.005600983
0.01040306
0.01405484
0.01611287
0.01631577
0.0146188
0.01120095
0.006448199
0.0009077315
-0.004772074
-0.009922497
-0.01392923
-0.01630815
-0.0166631
-0.01523667
-0.01188899
-0.007111326
-0.001465084
0.004378978
0.009726203
0.01393533
0.01649783
0.0166631
0.01566994
0.012366
0.007581211
0.001884624
-0.004043346
-0.009495329
-0.01381786
-0.01649325
-0.0166631
-0.0158581
-0.01262433
-0.007888873
-0.002219747
0.003704155
0.009174445
0.01353817
0.01627509
0.0166631
0.01580928
0.01267061
0.008025669
0.002431297
-0.00344226
-0.00889526
-0.01327881
-0.01607473
-0.0166631
-0.01581792
-0.0128074
-0.008284003
-0.002789304
0.003022721
0.008463007
0.01288877
0.01577876
0.0166631
0.01582504
0.01298539
0.008617093
0.003238847
-0.002512153
-0.00795956
-0.01246211
-0.01549246
-0.0166631
-0.01594048
-0.01331339
-0.009129694
-0.003883158
0.001807835
0.007276091
0.01187933
0.01507953
0.01650342
0.01598625
0.01359207
0.009603138
0.004490347
-0.001145216
-0.00664195
-0.01135402
-0.01472763
-0.01636714
-0.0160788
-0.01389668
-0.01007709
-0.005069057
0.000539045
0.006086632
0.01091973
0.01446675
0.01630764
0.0162217
0.01421655
0.01052409
0.005578099
-3.915705E-05
-0.005665567
-0.01063495
-0.01435741
-0.01638849
-0.01648359
-0.01462592
-0.01103059
-0.006119178
-0.000469376
0.005249078
0.01036085
0.01425723
0.01647444
0.0166631
0.01503681
0.01154726
0.006688227
0.00103639
-0.00473902
-0.009953517
-0.01398873
-0.01636612
-0.0166631
-0.0152626
-0.01192103
-0.007184046
-0.001620186
0.004105387
0.009319377
0.01341663
0.01592573
0.01655936
0.01524938
0.01215241
0.007632064
0.002216187
-0.003460567
-0.00873609
-0.01299048
-0.01572333
-0.01661072
-0.01554382
-0.01264213
-0.008241795
-0.002855922
0.002882365
0.008297734
0.01274892
0.01570554
0.0166631
0.0159298
0.01315728
0.008816438
0.003417342
-0.002400276
-0.007946846
-0.01256127
-0.0156918
-0.0166631
-0.0162161
-0.01353969
-0.009249199
-0.003853664
0.002003112
0.007623928
0.01233701
0.01558044
0.0166631
0.01633306
0.01375531
0.009543131
0.004202009
-0.001629848
-0.007256767
-0.0120085
-0.01532058
-0.0166631
-0.01628526
-0.01383413
-0.009747562
-0.004516791
0.001232684
0.006816885
0.0115737
0.01494223
0.01652885
0.01615203
0.01386363
0.009942838
0.004857508
-0.000785175
-0.00631954
-0.01109111
-0.01454049
-0.01626492
-0.01606659
-0.01397449
-0.01023931
-0.005304508
0.0002466385
0.00576168
0.01059224
0.01417231
0.01608388
0.01610372
0.0142313
0.01068835
0.005890338
0.000400724
-0.005136184
-0.0100715
-0.013826
-0.01595878
-0.01621814
-0.01457202
-0.01121265
-0.006532107
-0.001079107
0.004506112
0.009567033
0.01350715
0.01586064
0.0163473
0.01490612
0.01170338
0.00711336
0.001675108
-0.003970118
-0.009156646
-0.01326966
-0.01581945
-0.01650088
-0.01522802
-0.01214733
-0.007619859
-0.002178556
0.003532779
0.008837287
0.01310439
0.01582504
0.0166631
0.01554128
0.01256433
0.008091269
0.002652508
-0.003105103
-0.008497079
-0.01288013
-0.01573096
-0.0166631
-0.01569994
-0.01282368
-0.008427918
-0.003042045
0.002686072
0.00806686
0.01245804
0.01534854
0.01640934
0.01552602
0.01281351
0.008599294
0.003384796
-0.002213644
-0.007539511
-0.0119668
-0.01497884
-0.01622424
-0.01555806
-0.01306065
-0.009025953
-0.003927909
0.001634425
0.007007077
0.01155692
0.01474695
0.01619932
0.0157391
0.01341764
0.009504483
0.004458818
-0.001125384
-0.006589571
-0.01128587
-0.01465643
-0.01629848
-0.01601167
-0.01382549
-0.009993692
-0.004965317
0.0006646527
0.006232073
0.01107483
0.01461778
0.01643731
0.01631323
0.01425723
0.01050884
0.005510464
-0.0001479831
-0.005796768
-0.01076615
-0.01446777
-0.01646223
-0.01651207
-0.01461117
-0.01098482
-0.006062223
-0.0004251336
0.00525874
0.01031814
0.01415553
0.01631832
0.01655275
0.0148334
0.01136521
0.006560076
0.0009860456
-0.00469732
-0.009820282
-0.01377972
-0.01610931
-0.01653648
-0.01501342
-0.01172118
-0.007049285
-0.0015495
0.004129797
0.009321411
0.01341408
0.01592675
0.01656445
0.01525345
0.01214784
0.00761274
0.002182115
-0.003506335
-0.0087844
-0.01303167
-0.01574876
-0.0166153
-0.01552907
-0.01261671
-0.00821942
-0.002853379
0.002851345
0.008223996
0.01263196
0.01555603
0.01664988
0.01578232
0.01305404
0.008782875
0.003471247
-0.002255853
-0.007725126
-0.0122887
-0.01540753
-0.0166631
-0.01603812
-0.01346799
-0.009300052
-0.004023005
0.0017402
0.007309654
0.01202426
0.01532312
0.0166631
0.01631171
0.01387431
0.009786719
0.004530013
-0.00127235
-0.006932322
-0.01177356
-0.01521836
-0.0166631
-0.01647596
-0.01413315
-0.01010099
-0.004861576
0.0009550251
0.006649069
0.0115315
0.0150119
0.0166631
0.01635595
0.01408077
0.01013862
0.005004982
-0.0007063524
-0.006318015
-0.01116688
-0.01468237
-0.01645562
-0.0162817
-0.01418705
-0.0104234
-0.005438252
0.0001790036
0.005766765
0.01066648
0.014303
0.01624916
0.01627764
0.01438793
0.01080277
0.005946277
0.0003905534
-0.005207887
-0.01019049
-0.01396991
-0.01609965
-0.01632849
-0.01462999
-0.01120349
-0.006453793
-0.0009412947
0.004683081
0.00975519
0.01367547
0.01598065
0.01639765
0.01487713
0.01159811
0.006948087
0.001477289
-0.004167937
-0.009320394
-0.01337086
-0.01583979
-0.0164363
-0.0150897
-0.01196019
-0.007417972
-0.002000569
0.003650759
0.008868308
0.01303523
0.01566027
0.01643325
0.01526413
0.01229277
0.007871583
0.002523849
-0.003117816
-0.008387236
-0.01266298
-0.01543957
-0.01639104
-0.01540652
-0.01260399
-0.008314515
-0.003046113
0.002578771
0.00789701
0.01228107
0.01521429
0.01635188
0.01555959
0.01293149
0.008778297
0.003589735
-0.002022436
-0.007398647
-0.01190476
-0.01500986
-0.01634934
-0.01576402
-0.01332357
-0.009313783
-0.004207094
0.00139694
0.006839769
0.01148064
0.0147739
0.01633103
0.01596845
0.01372785
0.009871135
0.004850897
-0.0007429668
-0.006252923
-0.0110311
-0.01451353
-0.01628882
-0.01614542
-0.01409806
-0.01038374
-0.005437744
0.0001586623
0.005747441
0.01066953
0.01434165
0.01632696
0.01638544
0.01450489
0.01090142
0.005995096
0.0003625841
-0.005330443
-0.01041018
-0.01426944
-0.01644545
-0.0166631
-0.01491121
-0.01136724
-0.00645481
-0.0007566972
0.005046682
0.01025864
0.01424503
0.01651715
0.0166631
0.01507648
0.01154879
0.006647035
0.0009611275
-0.004828013
-0.01003132
-0.01403195
-0.01635697
-0.0166631
-0.01512835
-0.01173033
-0.006949613
-0.001355241
0.004387623
0.009600087
0.0136653
0.01610524
0.01663412
0.01519192
0.01195256
0.007302026
0.001791053
-0.003926892
-0.009177496
-0.01333933
-0.01592166
-0.01662089
-0.01535566
-0.0122765
-0.00774801
-0.002306197
0.003405646
0.008714222
0.01299149
0.015733
0.01661581
0.01553619
0.01262281
0.008219928
0.002847785
-0.002857956
-0.008225014
-0.01261823
-0.01551941
-0.01658682
-0.01569384
-0.01294725
-0.008671505
-0.003371066
0.002326539
0.007750044
0.01225921
0.01532159
0.01657563
0.01587437
0.01330119
0.009160206
0.003941131
-0.0017402
-0.00721405
-0.01183407
-0.01505563
-0.01649986
-0.01599845
-0.0136114
-0.009621954
-0.004503569
0.001139623
0.006640424
0.01135046
0.0147144
0.01633612
0.01602642
0.01382447
0.009991658
0.004982607
-0.0006092226
-0.006124264
-0.01091109
-0.01440522
-0.01619627
-0.01607422
-0.01405585
-0.01038018
-0.005483003
5.644717E-05
0.005586744
0.01045544
0.01408993
0.01606354
0.01614542
0.01432741
0.01082514
0.006052052
0.0005705741
-0.00497447
-0.009932668
-0.01372022
-0.01589268
-0.01619627
-0.01459439
-0.01127519
-0.006627711
-0.001197595
0.00437847
0.00944651
0.01341053
0.01580368
0.0163412
0.01495647
0.01180712
0.007258801
0.00184089
-0.003811964
-0.009036632
-0.01321576
-0.0158525
-0.01662852
-0.01544262
-0.01242448
-0.007918877
-0.002451638
0.00333496
0.008755922
0.01316236
0.01601777
0.0166631
0.01588098
0.01289792
0.008370963
0.002842191
-0.003027806
-0.008539287
-0.01303523
-0.01598014
-0.0166631
-0.01605134
-0.01317406
-0.008738124
-0.003273427
0.002570635
0.008100932
0.01266146
0.01571418
0.0166631
0.01608185
0.01335916
0.009059008
0.00369195
-0.002103293
-0.007642235
-0.01226938
-0.01543805
-0.0166631
-0.01613067
-0.01357783
-0.009424643
-0.00416336
0.001581538
0.007131159
0.0118295
0.01512326
0.01662496
0.01616016
0.01378684
0.009787227
0.004637313
-0.001052663
-0.00661093
-0.01137944
-0.01479526
-0.01645613
-0.01616728
-0.01396381
-0.0101076
-0.005055835
0.0005929496
0.006171049
0.01101737
0.0145593
0.01637629
0.01625323
0.01420333
0.01046968
0.005492157
-0.0001393381
-0.005760154
-0.0107036
-0.01438386
-0.01636459
-0.01640934
-0.0145115
-0.01089481
-0.005985943
-0.0003656353
0.00530044
0.01034204
0.01416214
0.01630713
0.01652326
0.01478509
0.01129859
0.006476677
0.0008914584
-0.00479445
-0.009909275
-0.01384735
-0.01614338
-0.01652783
-0.01495748
-0.01162252
-0.006919609
-0.001408128
0.004257439
0.009407353
0.01343392
0.0158642
0.01641392
0.01502461
0.01186509
0.007314231
0.001912593
-0.003699069
-0.008859155
-0.01295996
-0.01552246
-0.01624916
-0.0150597
-0.01210004
-0.007723092
-0.002446553
0.003106629
0.008285529
0.01248245
0.01520819
0.01614491
0.01518632
0.01244635
0.008247389
0.003081202
-0.002447061
-0.00769258
-0.01204054
-0.01498189
-0.01617033
-0.01546144
-0.01293403
-0.008876445
-0.003758059
0.001824617
0.007220152
0.01179237
0.01499613
0.01644087
0.01593285
0.01352291
0.00949177
0.004316429
-0.001386261
-0.006938425
-0.01167694
-0.0150358
-0.01661377
-0.01622119
-0.0139038
-0.009936736
-0.00479089
0.0009204448
0.00652092
0.01134385
0.01481764
0.01652987
0.01627865
0.01409552
0.01024033
0.00517229
-0.0005059904
-0.006121721
-0.0110072
-0.01458524
-0.01643121
-0.01632798
-0.01428927
-0.01055715
-0.005574031
6.865196E-05
0.005705232
0.0106675
0.01437013
0.01637527
0.01644748
0.01457761
0.01098686
0.006098837
0.0004897173
-0.005179918
-0.01024236
-0.01410111
-0.01630204
-0.01658479
-0.01491629
-0.01149132
-0.006713145
-0.001142165
0.004565101
0.009738408
0.01376802
0.01617847
0.0166631
0.01522446
0.01196833
0.007298975
0.001765118
-0.003980797
-0.009260896
-0.01345019
-0.01605185
-0.0166631
-0.01547517
-0.01235888
-0.007773945
-0.002261447
0.003524643
0.008897803
0.01321881
0.01597099
0.0166631
0.01567553
0.01265739
0.008126867
0.002623522
-0.003197147
-0.008641502
-0.0130576
-0.0159181
-0.0166631
-0.01582555
-0.01288216
-0.008399949
-0.00291542
0.002916437
0.008399441
0.01287809
0.01581843
0.0166631
0.01591556
0.01306574
0.008665912
0.003243424
-0.002554361
-0.008037365
-0.01255517
-0.01557433
-0.0166631
-0.01592726
-0.01323305
-0.008986288
-0.003694493
0.002012265
0.007461197
0.01201104
0.0151314
0.01646223
0.01585708
0.01339476
0.00937379
0.004270661
-0.001312015
-0.006722298
-0.01132859
-0.01459693
-0.01615152
-0.01581487
-0.01363123
-0.009856388
-0.004930228
0.0005741338
0.006019506
0.01077276
0.01428012
0.01613016
0.01609812
0.01416722
0.0105546
0.00568184
0.0001205223
-0.005471816
-0.01043408
-0.0141779
-0.01625628
-0.01642104
-0.01464982
-0.01114755
-0.006327168
-0.0007556801
0.004909378
0.009999285
0.01391346
0.01618813
0.01655428
0.01496613
0.01161133
0.006882995
0.001339476
-0.004365756
-0.009560421
-0.01363021
-0.01609354
-0.01665853
-0.0152565
-0.01205071
-0.007417972
-0.001903439
0.003841967
0.009140882
0.01336628
0.01601777
0.0166631
0.0155606
0.01250076
0.007959051
0.002471471
-0.00331411
-0.008715748
-0.0130932
-0.01592726
-0.0166631
-0.0158408
-0.01292691
-0.00848284
-0.003032891
0.002777099
0.008260102
0.01276672
0.01576249
0.0166631
0.01602184
0.01325491
0.008919161
0.003530236
-0.002272126
-0.00779988
-0.01239651
-0.01551687
-0.0166631
-0.01607015
-0.01344104
-0.009218179
-0.003906042
0.001862248
0.00740119
0.01205122
0.01526006
0.01664683
0.01604879
0.01353969
0.009419558
0.004181159
-0.001550009
-0.007092002
-0.01178475
-0.01506885
-0.0165558
-0.01606863
-0.01366683
-0.009638227
-0.004462378
0.001243363
0.006801121
0.0115498
0.01492443
0.01652631
0.01616474
0.01388499
0.009958094
0.004851914
-0.0008268747
-0.006405991
-0.01122383
-0.01471135
-0.01645664
-0.01625679
-0.01413773
-0.01035322
-0.005353327
0.000269014
0.005850673
0.01073259
0.01434114
0.01625475
0.01625221
0.01433809
0.01074276
0.005892881
0.0003610585
-0.005200767
-0.01014117
-0.01388143
-0.01598574
-0.01621051
-0.01453184
-0.01114908
-0.006457861
-0.001007404
0.00456561
0.009612292
0.01354325
0.01589776
0.01639816
0.01497833
0.01178424
0.007180487
0.001706128
-0.003992493
-0.00923852
-0.01340442
-0.01598879
-0.0166631
-0.01538363
-0.01225412
-0.007660033
-0.002147535
0.003625332
0.008968998
0.01324373
0.01593692
0.0166631
0.01551687
0.01245448
0.007906672
0.002418075
-0.00335225
-0.008715748
-0.01303065
-0.01578487
-0.01665141
-0.01553162
-0.01256433
-0.00810856
-0.002698785
0.003017635
0.008360792
0.01269654
0.01551382
0.0164841
0.01549958
0.01268383
0.008377573
0.003094932
-0.002535546
-0.007849717
-0.01222208
-0.01514208
-0.01627102
-0.01548331
-0.01287809
-0.00876711
-0.00363652
0.001908016
0.007218627
0.01167236
0.01475102
0.01609711
0.01555501
0.01319135
0.009282762
0.004286934
-0.001211834
-0.006571773
-0.01116535
-0.01445505
-0.01605286
-0.0157691
-0.01363225
-0.009887917
-0.004969893
0.0005476901
0.006019506
0.01080124
0.01432792
0.01617694
0.01612355
0.01416366
0.01051951
0.005613188
1.881572E-05
-0.005603526
-0.01058867
-0.01434063
-0.0164068
-0.01653241
-0.01469355
-0.01109924
-0.006169015
-0.0004851405
0.005276539
0.01043052
0.01435741
0.01658479
0.0166631
0.01509123
0.01153963
0.006608387
0.0008848475
-0.004945992
-0.01018795
-0.01421401
-0.01654309
-0.0166631
-0.01524277
-0.01177559
-0.006916049
-0.001248449
0.004547811
0.009782142
0.01383312
0.01622271
0.0166631
0.01514818
0.01183204
0.007131667
0.001612558
-0.004066739
-0.009234452
-0.01328237
-0.01574062
-0.01633001
-0.01499359
-0.01190018
-0.007423057
-0.002094139
0.003459042
0.008589632
0.01270265
0.01532617
0.01616271
0.01512276
0.01232989
0.008097372
0.00291186
-0.002622505
-0.007860395
-0.01218649
-0.0150897
-0.01622627
-0.01545686
-0.01286792
-0.00875999
-0.003613636
0.00196548
0.007321859
0.01182085
0.01493104
0.01628221
0.01571113
0.01328288
0.009281745
0.004178108
-0.001425418
-0.006868247
-0.01150556
-0.01478865
-0.01632747
-0.01593844
-0.0136653
-0.009775531
-0.004727832
0.0008817963
0.006391752
0.01114959
0.01459286
0.01631323
0.01610728
0.01399839
0.01023524
0.005261283
-0.0003341062
-0.005890847
-0.01075191
-0.01434165
-0.01623492
-0.01620797
-0.01426333
-0.01063088
-0.005740321
-0.0001703586
0.005419437
0.01036746
0.01408738
0.01613779
0.01627458
0.014482
0.01097058
0.006156301
0.0006102397
-0.005010576
-0.01003997
-0.0138799
-0.01607371
-0.01635951
-0.0147022
-0.01129655
-0.006545329
-0.001011981
0.004647484
0.0097618
0.01372226
0.01605744
0.01648766
0.01496003
0.01165303
0.006957749
0.001429486
-0.004276255
-0.009482107
-0.01357071
-0.01605388
-0.01663615
-0.01524582
-0.01204562
-0.007413903
-0.001898354
0.003847053
0.009142407
0.01335815
0.01599489
0.0166631
0.0155006
0.01242702
0.007882771
0.002406379
-0.003352758
-0.008712697
-0.01303879
-0.01581843
-0.0166631
-0.01565061
-0.01272807
-0.008304344
-0.002906266
0.002824393
0.008210266
0.01261365
0.01551534
0.01657716
0.01567706
0.01292742
0.008658283
0.003379202
-0.002283822
-0.007661559
-0.01212139
-0.01514005
-0.01636815
-0.01566689
-0.01312575
-0.009049854
-0.003921298
0.001654767
0.007026401
0.01156811
0.01475356
0.01621763
0.01579605
0.01354427
0.009726203
0.004774109
-0.0007429668
-0.006187322
-0.01092431
-0.01439657
-0.0161922
-0.01609202
-0.01409959
-0.01044018
-0.005536908
3.661438E-05
0.005625393
0.01056884
0.01427859
0.01631018
0.01641596
0.01457507
0.01099855
0.006104939
0.0004703931
-0.005237382
-0.01034153
-0.01423282
-0.01644545
-0.0166631
-0.01499308
-0.01149081
-0.00661754
-0.0009489227
0.004842252
0.01006794
0.0141062
0.01647495
0.0166631
0.0153043
0.01190018
0.00708234
0.001422367
-0.004406439
-0.009712981
-0.01386566
-0.01637222
-0.0166631
-0.01548636
-0.01220073
-0.007468825
-0.00185462
0.003975203
0.009327005
0.01356563
0.01618763
0.0166631
0.01557128
0.01240973
0.007776488
0.002223307
-0.003586684
-0.00896442
-0.01327017
-0.01599184
-0.0166631
-0.01562468
-0.01258314
-0.008047028
-0.002557413
0.003231728
0.008632349
0.01300217
0.01582301
0.0166631
0.01570503
0.012783
0.008343502
0.002914911
-0.002857447
-0.008289088
-0.01273469
-0.0156679
-0.0166631
-0.01582911
-0.01304031
-0.008707103
-0.003343605
0.002413498
0.007883788
0.01241889
0.01548229
0.0166631
0.01596743
0.01333425
0.009127151
0.003844001
-0.001888692
-0.007394071
-0.01202172
-0.01522548
-0.01662903
-0.01606812
-0.0136119
-0.009552794
-0.00437135
0.001317609
0.006844346
0.0115554
0.01489646
0.01647545
0.01610982
0.01384481
0.009951483
0.00489158
-0.0007358473
-0.006268687
-0.01105398
-0.01453032
-0.01629187
-0.01613423
-0.01408026
-0.0103756
-0.005458085
9.204448E-05
0.005624884
0.01049155
0.01412552
0.01610575
0.01620593
0.01442047
0.01096296
0.006239192
0.0007897518
-0.00475987
-0.009768412
-0.01365055
-0.01594861
-0.01638494
-0.01489748
-0.01164897
-0.00700962
-0.001517971
0.004182176
0.009419558
0.01356817
0.01612965
0.0166631
0.01545127
0.01226734
0.007604095
0.002009723
-0.003852138
-0.009283779
-0.01363174
-0.01637171
-0.0166631
-0.01591759
-0.01276367
-0.008078048
-0.002417566
0.003540916
0.00908596
0.0135519
0.01640375
0.0166631
0.01613423
0.01304591
0.008407577
0.002775573
-0.003175789
-0.00873609
-0.01324271
-0.01616118
-0.0166631
-0.01609711
-0.01313693
-0.008628789
-0.003114257
0.002746587
0.008259085
0.01277079
0.01575283
0.0166631
0.01596895
0.01319643
0.008876953
0.003527185
-0.00221873
-0.007683935
-0.01222717
-0.01531803
-0.01660004
-0.01592878
-0.01338866
-0.009283271
-0.004096742
0.001561197
0.007028944
0.01166677
0.01493358
0.01644952
0.01603761
0.01374717
0.009846217
0.004789365
-0.0008314516
-0.006359206
-0.01114704
-0.01463151
-0.01640273
-0.01624814
-0.01418248
-0.01044323
-0.005466222
0.0001657818
0.005791683
0.01074683
0.01444336
0.01644087
0.0164958
0.01459592
0.01095889
0.006010861
0.0003346147
-0.005396044
-0.01050172
-0.01437013
-0.01653749
-0.0166631
-0.01494629
-0.01136521
-0.00642023
-0.0006971988
0.005120419
0.01033899
0.014333
0.01662293
0.0166631
0.01522294
0.01169575
0.006771117
0.001036899
-0.004821911
-0.0101076
-0.0141896
-0.01658174
-0.0166631
-0.01540397
-0.01198206
-0.007146415
-0.001477289
0.004351009
0.009646872
0.01378531
0.01628272
0.0166631
0.01544059
0.01222513
0.00759901
0.002116006
-0.003581598
-0.008834745
-0.01303472
-0.01569638
-0.01651359
-0.01539228
-0.01246618
-0.00807754
-0.002740485
0.00291898
0.008236201
0.01258518
0.01545229
0.01649681
0.01559061
0.01283741
0.008558103
0.003254103
-0.00244757
-0.007875143
-0.01238227
-0.01543347
-0.01666209
-0.01591709
-0.01328136
-0.009062568
-0.003757042
0.002007688
0.007549173
0.01220937
0.01543194
0.0166631
0.01623797
0.01371768
0.009566016
0.004272186
-0.001536278
-0.007172859
-0.01196731
-0.01535058
-0.0166631
-0.01648562
-0.01409857
-0.01003997
-0.004788856
0.001031814
0.006734503
0.01164236
0.01517412
0.0166631
0.01664581
0.01441132
0.01047222
0.005294846
-0.0005064989
-0.006245803
-0.01124316
-0.01490765
-0.0166631
-0.0166631
-0.0146483
-0.01085159
-0.005776936
-2.593519E-05
0.005718963
0.01077887
0.01455625
0.01660564
0.0166631
0.0147978
0.01116179
0.006214783
0.0005436218
-0.005177375
-0.01027338
-0.0141418
-0.01632849
-0.01657818
-0.01486696
-0.01140131
-0.006596182
-0.00102266
0.004657146
0.00977248
0.0137192
0.01603303
0.01644342
0.01490714
0.01160879
0.006943002
0.001463558
-0.004179125
-0.009318869
-0.01334747
-0.01579148
-0.01636256
-0.01499613
-0.01185543
-0.007313722
-0.001909033
0.003719411
0.008906957
0.01304082
0.0156318
0.01637527
0.01518327
0.01219666
0.007767843
0.0024196
-0.003215455
-0.008474703
-0.0127357
-0.01549653
-0.01643172
-0.01543093
-0.01261264
-0.008310447
-0.003032383
0.002598095
0.00791786
0.0123004
0.01523057
0.01636663
0.01557942
0.01296861
0.008847967
0.003710257
-0.00183377
-0.007136753
-0.01158845
-0.01467728
-0.01604829
-0.01554586
-0.01322847
-0.009364637
-0.004402371
0.00108165
0.006450233
0.01107534
0.01441234
0.01606558
0.01583369
0.01373548
0.01000946
0.005085839
-0.0004586968
-0.005973738
-0.01080633
-0.01437928
-0.01626289
-0.01622526
-0.01426028
-0.01059325
-0.005651836
-1.932426E-05
0.005635055
0.01063699
0.01438691
0.01643172
0.01652122
0.01463812
0.01100211
0.006043915
0.0003534305
-0.005388416
-0.0104951
-0.01435335
-0.01649885
-0.0166631
-0.01485425
-0.0112574
-0.006312421
-0.0006112567
0.005163136
0.0103217
0.01424757
0.01647139
0.0166631
0.01499257
0.01146996
0.006582452
0.000914851
-0.004856999
-0.0100476
-0.01403958
-0.01636103
-0.0166631
-0.01513293
-0.01173491
-0.006951138
-0.001350664
0.004402879
0.009629582
0.01371208
0.01617084
0.0166631
0.0152921
0.01206444
0.007417463
0.001901914
-0.003831797
-0.009108336
-0.01330628
-0.01593234
-0.0166631
-0.01545788
-0.01241583
-0.007911758
-0.002476047
0.003249018
0.00859014
0.01291674
0.01571825
0.0166631
0.01563993
0.01276723
0.008383676
0.00300543
-0.00273184
-0.008151785
-0.01261213
-0.0155845
-0.0166631
-0.01586674
-0.01313795
-0.008848984
-0.00350481
0.002262464
0.007771402
0.01236803
0.01550721
0.0166631
0.01613169
0.01353868
0.00933921
0.004028599
-0.001763593
-0.007353388
-0.01207766
-0.01537702
-0.0166631
-0.01634883
-0.01390634
-0.009821807
-0.004579849
0.001197087
0.006824005
0.01163371
0.01505766
0.0166631
0.01634883
0.01407365
0.01014422
0.005035494
-0.0006387175
-0.006200035
-0.01099042
-0.01445658
-0.0162039
-0.01603913
-0.0139928
-0.01031305
-0.005434693
6.763489E-05
0.005551147
0.0103756
0.01397754
0.01593793
0.01602744
0.01423537
0.01077073
0.006038322
0.0005919325
-0.004930228
-0.009879271
-0.01367242
-0.01586064
-0.01618203
-0.01459541
-0.01128282
-0.006631779
-0.001188442
0.004403896
0.00948465
0.0134507
0.01582911
0.01633408
0.01490256
0.01170084
0.007106241
0.001662395
-0.003983848
-0.00916224
-0.01325542
-0.01577622
-0.01642358
-0.01511869
-0.01201613
-0.007485607
-0.002065661
0.00359838
0.008834236
0.01301845
0.01565468
0.01643172
0.01525803
0.0122765
0.007842597
0.002484184
-0.00316155
-0.008426392
-0.01268688
-0.0154411
-0.01636612
-0.01535617
-0.01253483
-0.008238235
-0.002976444
0.002627082
0.007913283
0.01225921
0.0151553
0.01626441
0.0154589
0.01283741
0.008710663
0.003565325
-0.001991415
-0.007309146
-0.01176339
-0.0148334
-0.01615966
-0.01558908
-0.01319033
-0.009244623
-0.004216756
0.001303879
0.006670428
0.01125282
0.01451353
0.01606914
0.01573706
0.01355393
0.009775531
0.004843778
-0.00066211
-0.006095786
-0.0108165
-0.01426791
-0.01603964
-0.01592014
-0.01391855
-0.01026677
-0.005391976
0.0001332357
0.005658447
0.01052867
0.0141657
0.01613423
0.01619576
0.01433555
0.01076666
0.005905594
0.0003244441
-0.005316713
-0.01034966
-0.01417333
-0.01632798
-0.01655122
-0.01480848
-0.0112991
-0.00643396
-0.0007877177
0.004969385
0.01015235
0.01413976
0.01645257
0.0166631
0.0151614
0.01170389
0.006847397
0.001173694
-0.004635279
-0.009878763
-0.01392618
-0.01630306
-0.0166631
-0.01518124
-0.01183356
-0.007093019
-0.001524074
0.004214213
0.009447019
0.01355851
0.01606761
0.0166631
0.01533125
0.01217682
0.007591382
0.00211448
-0.003608551
-0.008905431
-0.01315219
-0.01584894
-0.0166631
-0.01553874
-0.01256687
-0.008110594
-0.002694208
0.003042553
0.00842385
0.012813
0.01569028
0.0166631
0.01576046
0.01294115
0.008587598
0.00321342
-0.002544699
-0.008006853
-0.01252466
-0.01556162
-0.0166631
-0.01596794
-0.01328644
-0.009029513
-0.003701612
0.002065661
0.007589347
0.01221395
0.01539126
0.0166631
0.0161144
0.01357529
0.009429729
0.004169971
-0.001580012
-0.007139804
-0.01184933
-0.01515276
-0.01665954
-0.01619373
-0.01381227
-0.009799432
-0.004632228
0.001077073
0.006652121
0.01143437
0.01485883
0.01652224
0.01623034
0.01401975
0.01015388
0.005091941
-0.0005675229
-0.006155284
-0.01101177
-0.01456439
-0.01639358
-0.01628526
-0.01425316
-0.01053833
-0.005578608
3.966558E-05
0.005654379
0.01060342
0.01430249
0.01631628
0.01640629
0.01456184
0.01099957
0.006138503
0.0005507413
-0.005104146
-0.01016151
-0.01402432
-0.01623593
-0.01653444
-0.01488375
-0.01147657
-0.006713145
-0.00115437
0.00454476
0.009711456
0.01373548
0.01613931
0.01663666
0.01516649
0.01189967
0.007218627
0.001675616
-0.004074875
-0.00935294
-0.01353206
-0.01611389
-0.0166631
-0.01547263
-0.01231616
-0.007689528
-0.00213889
0.00367822
0.009070195
0.01339374
0.01613067
0.0166631
0.01574825
0.01266502
0.008064318
0.002494863
-0.003375134
-0.008840338
-0.01323864
-0.01603507
-0.0166631
-0.01574571
-0.01271587
-0.008182805
-0.002693191
0.003095949
0.008497587
0.01287301
0.01571062
0.0166631
0.01567757
0.01282673
0.00847216
0.003132055
-0.002560972
-0.007936675
-0.01236346
-0.01532261
-0.01647037
-0.01567604
-0.01303726
-0.008867799
-0.003659912
0.001972091
0.007367627
0.01189306
0.01501749
0.01637578
0.01580978
0.01338662
0.009391588
0.004294562
-0.001305913
-0.006753319
-0.01140792
-0.01472305
-0.01630967
-0.01598065
-0.01377464
-0.009949449
-0.004954129
0.0006254957
0.006133926
0.01092431
0.01443268
0.01624509
0.01614694
0.01414739
0.01047985
0.005573522
4.576797E-06
-0.005571997
-0.0105007
-0.01419977
-0.01623187
-0.01635493
-0.01455218
-0.01103262
-0.00620868
-0.0006468541
0.004996846
0.01005929
0.01394092
0.01618356
0.0165197
0.01490816
0.01153607
0.006801121
0.001260653
-0.004431357
-0.009602121
-0.01363987
-0.01606609
-0.01659293
-0.01515581
-0.01192357
-0.007277617
-0.001767152
0.003955879
0.009214619
0.01338612
0.01597557
0.0166631
0.01540245
0.01230548
0.007750552
0.002275685
-0.003471247
-0.008811352
-0.01311303
-0.01586776
-0.0166631
-0.01565366
-0.01271028
-0.008265696
-0.002845751
0.002909826
0.008322143
0.01275248
0.01567706
0.0166631
0.01584792
0.01307286
0.008752363
0.003395475
-0.002365696
-0.007853276
-0.01241889
-0.01552246
-0.0166631
-0.01608541
-0.01347155
-0.009259879
-0.003942657
0.001852586
0.007443398
0.01216767
0.01546246
0.0166631
0.01639765
0.01391245
0.009764852
0.004442036
-0.001426435
-0.007142855
-0.0120202
-0.01546805
-0.0166631
-0.01660513
-0.01416315
-0.01003183
-0.004710033
0.001163015
0.006885029
0.01177559
0.01525548
0.0166631
0.01656699
0.01425672
0.01026626
0.005074143
-0.00070025
-0.006372936
-0.01127367
-0.01482577
-0.01661581
-0.01643731
-0.01431877
-0.01051646
-0.005483512
0.0001825634
0.00581355
0.0107453
0.01439962
0.01635035
0.01637171
0.01446675
0.01086277
0.005988485
0.0004195398
-0.005188563
-0.01017727
-0.01396076
-0.01609711
-0.01633713
-0.01465643
-0.01125384
-0.006532107
-0.001046561
0.004556456
0.00961992
0.01354732
0.01587742
0.01633612
0.01487001
0.01164998
0.00705437
0.001623746
-0.004003681
-0.009164783
-0.01325135
-0.01578029
-0.01645054
-0.01517971
-0.01211377
-0.007611723
-0.00220144
0.0034804
0.008764058
0.01302404
0.01575537
0.01663106
0.01554331
0.01261671
0.008192976
0.002791846
-0.002948475
-0.008351129
-0.01277486
-0.01569384
-0.0166631
-0.01584233
-0.01304794
-0.008705578
-0.003326823
0.002450112
0.007941761
0.01249618
0.0155723
0.0166631
0.01604422
0.01338306
0.009135288
0.003804844
-0.001975142
-0.007520695
-0.01217377
-0.01538363
-0.0166631
-0.01617084
-0.01365818
-0.009531943
-0.004280831
0.001471186
0.007045725
0.01178322
0.01512581
0.0166631
0.01626492
0.01393228
0.009958602
0.004814283
-0.0008940011
-0.006494476
-0.0113291
-0.01482933
-0.01658581
-0.01639205
-0.01427198
-0.01047426
-0.005443846
0.0002288399
0.005879659
0.01084396
0.01453896
0.01652783
0.01657258
0.01466355
0.01101889
0.006062223
0.0003727547
-0.005379771
-0.01051545
-0.01442149
-0.01662395
-0.0166631
-0.01504597
-0.01144962
-0.006483288
-0.0007434753
0.005082788
0.01030085
0.01428774
0.01657055
0.0166631
0.01518683
0.01169473
0.006825022
0.001160472
-0.004623583
-0.009840115
-0.01387227
-0.01624458
-0.0166631
-0.01513852
-0.01180458
-0.007081323
-0.001532719
0.004179633
0.00938091
0.01345528
0.0159242
0.01649986
0.0151192
0.01195154
0.007374746
0.001933443
-0.003728056
-0.008941537
-0.01309218
-0.01569282
-0.01643935
-0.01524582
-0.01225514
-0.007821747
-0.002467911
0.003174772
0.008444191
0.01272045
0.0155011
0.01645918
0.01548178
0.01268332
0.008390795
0.003107646
-0.002545208
-0.007905655
-0.01234261
-0.01533227
-0.01652173
-0.01576656
-0.0131527
-0.008983237
-0.003745855
0.001944122
0.007417972
0.01202884
0.01522904
0.01663768
0.01608236
0.01362309
0.009544657
0.004325582
-0.001418807
-0.007010637
-0.01178475
-0.01517259
-0.0166631
-0.01637731
-0.0140406
-0.01003183
-0.004823945
0.0009651958
0.006648052
0.01154675
0.0150775
0.0166631
0.01655529
0.01432283
0.01038475
0.005209921
-0.0005837959
-0.006306827
-0.0112757
-0.01489849
-0.0166631
-0.01659445
-0.01447031
-0.01062783
-0.005526229
0.000223246
0.005937632
0.01093651
0.01462846
0.01657869
0.01656089
0.01458371
0.01088617
0.005911188
0.0002507068
-0.005424522
-0.01044679
-0.01422672
-0.0163234
-0.0164963
-0.01473169
-0.01124265
-0.006444131
-0.0009016291
0.004733934
0.009804009
0.01371666
0.01601727
0.01643884
0.01493358
0.01167846
0.007052336
0.001595268
-0.004057077
-0.009244623
-0.01335815
-0.015912
-0.01659598
-0.01531091
-0.01220073
-0.007632573
-0.002148044
0.003598888
0.008925772
0.01319745
0.01590386
0.0166631
0.01555806
0.01254653
0.00804601
0.002590976
-0.003169687
-0.008554035
-0.01292233
-0.0157569
-0.0166631
-0.01570147
-0.01281808
-0.008411136
-0.003002888
0.00276642
0.008214334
0.01269604
0.01567909
0.0166631
0.01595065
0.01320203
0.008886106
0.003511421
-0.00228789
-0.007828358
-0.01245397
-0.01561705
-0.0166631
-0.01626848
-0.01367496
-0.009464309
-0.004132848
0.001690364
0.007319825
0.01208885
0.01543449
0.0166631
0.01648613
0.01406755
0.00999064
0.004737494
-0.001068936
-0.00674264
-0.01161235
-0.01510292
-0.0166631
-0.01651207
-0.01426995
-0.01034407
-0.00520331
0.0005405706
0.006206646
0.01112314
0.01470881
0.01654156
0.01640884
0.01433148
0.0105602
0.00554657
-0.0001103517
-0.005739813
-0.0106736
-0.01432944
-0.01627662
-0.01628933
-0.01437165
-0.01075497
-0.00587254
-0.0003051198
0.005285692
0.01023982
0.01397195
0.01604422
0.01621508
0.01446827
0.01101483
0.006265636
0.0007841579
-0.004781228
-0.009775022
-0.01360936
-0.01583419
-0.01619068
-0.01464016
-0.01136826
-0.006762981
-0.001367954
0.004181159
0.009232926
0.01319491
0.01560332
0.01617898
0.01485628
0.0117939
0.007353897
0.002058033
-0.003471755
-0.008588615
-0.012694
-0.01530888
-0.01612965
-0.01506224
-0.01223429
-0.00797685
-0.002789304
0.002721669
0.007913283
0.01217835
0.01501851
0.01610067
0.01529667
0.01269654
0.008600311
0.003482434
-0.002062102
-0.007388985
-0.01187323
-0.01498596
-0.01635391
-0.01580216
-0.01336933
-0.009327513
-0.004146579
0.001559671
0.007112852
0.01184577
0.01518632
0.0166631
0.01627458
0.01387482
0.009809094
0.004559508
-0.001246923
-0.006916049
-0.01176745
-0.01521734
-0.0166631
-0.01646884
-0.01411739
-0.01007709
-0.004830556
0.0009926566
0.006696872
0.01159964
0.01511513
0.0166631
0.01653038
0.01426588
0.01030695
0.005128047
-0.0006519394
-0.006344967
-0.01127469
-0.01485832
-0.0166631
-0.0165141
-0.01440115
-0.01059122
-0.005539959
0.0001520514
0.005813041
0.01077582
0.0144581
0.01643121
0.01646783
0.01456998
0.01096499
0.006081038
0.0004927685
-0.005142795
-0.01016659
-0.01399076
-0.01616983
-0.01645155
-0.01480543
-0.0114247
-0.006707042
-0.001204206
0.004438985
0.009563473
0.01356715
0.01598116
0.0165202
0.01511869
0.01193781
0.007347794
0.001885132
-0.003809421
-0.009067653
-0.01326814
-0.01591302
-0.0166631
-0.01548839
-0.01245703
-0.007943287
-0.002476556
0.003297837
0.008698458
0.01308303
0.01592726
0.0166631
0.01584945
0.01292488
0.008458938
0.002978987
-0.002864567
-0.008377573
-0.0129025
-0.01589929
-0.0166631
-0.01609761
-0.01327373
-0.008872884
-0.003420393
0.002433839
0.007992614
0.01259382
0.01569231
0.0166631
0.01614084
0.01344816
0.00916936
0.003818575
-0.001963955
-0.007491709
-0.0121097
-0.01527379
-0.01661683
-0.01598879
-0.01347307
-0.009376841
-0.004192347
0.00146305
0.006921135
0.01153912
0.01477848
0.0162639
0.0158286
0.01353206
0.009648906
0.004638839
-0.0009087486
-0.006346493
-0.01104076
-0.01444539
-0.01616474
-0.01599947
-0.01396279
-0.01027644
-0.005362481
0.0002059559
0.005773884
0.01068275
0.01434623
0.01632493
0.0163768
0.01448811
0.01087498
0.005961533
0.0003269867
-0.005360447
-0.01042645
-0.01426639
-0.01642053
-0.01662903
-0.0148634
-0.01132859
-0.006442605
-0.0007831409
0.00497803
0.01015744
0.01413925
0.01644901
0.0166631
0.01518124
0.01175067
0.006925712
0.001277435
-0.00452391
-0.009791804
-0.01390126
-0.01636612
-0.0166631
-0.0154233
-0.012128
-0.007400173
-0.001799698
0.004009275
0.00933921
0.01356003
0.01617237
0.0166631
0.01556721
0.012426
0.007817679
0.002290433
-0.003500233
-0.008868816
-0.01317914
-0.01592166
-0.0166631
-0.01563587
-0.0126462
-0.008161447
-0.002715566
0.003045096
0.008436563
0.01282012
0.01567655
0.0166631
0.01568113
0.01283283
0.008464533
0.003095441
-0.002635218
-0.008048045
-0.01250076
-0.01546602
-0.01659242
-0.01574825
-0.01303624
-0.008778297
-0.003481926
0.002223815
0.007662576
0.01218954
0.0152687
0.01653546
0.01584233
0.0132722
0.009132236
0.003913162
-0.00176461
-0.007228797
-0.01183306
-0.01503224
-0.01645003
-0.01592064
-0.01350918
-0.009503975
-0.004381521
0.001250483
0.006725349
0.01139572
0.01471135
0.01628272
0.01592726
0.01369225
0.009845708
0.004845812
-0.0007129633
-0.0061741
-0.01089176
-0.01431165
-0.01603405
-0.01585962
-0.01381532
-0.01014625
-0.005290778
0.000176461
0.005611154
0.01037255
0.0139038
0.01579249
0.01582097
0.01399025
0.01051799
0.00581355
0.0004292019
-0.005005999
-0.00985893
-0.01356512
-0.01569435
-0.01599997
-0.0144459
-0.01120909
-0.006650087
-0.001288623
0.004252862
0.009325479
0.01332814
0.01578029
0.01638138
0.01504698
0.01192205
0.007365593
0.001911067
-0.003796708
-0.009080366
-0.01330577
-0.01596234
-0.0166631
-0.01549195
-0.01240414
-0.007822256
-0.002289924
0.003533288
0.008950181
0.01331085
0.01608999
0.0166631
0.01578741
0.01273672
0.008161956
0.002609792
-0.003254612
-0.008731004
-0.01316389
-0.01602489
-0.0166631
-0.01590234
-0.01293962
-0.008443682
-0.00295356
0.002874229
0.008346553
0.01281402
0.01574927
0.0166631
0.0158764
0.01306727
0.008720834
0.003357335
-0.00238502
-0.007828358
-0.0123304
-0.0153638
-0.01657665
-0.01583165
-0.01322237
-0.009061042
-0.003841459
0.001820548
0.007259818
0.01183662
0.01501546
0.0164246
0.01589979
0.01350359
0.009516687
0.004407456
-0.001225056
-0.006720264
-0.01143233
-0.01480543
-0.01644087
-0.01614186
-0.01393787
-0.01008268
-0.005025832
0.0006407517
0.006251397
0.01114349
0.01473525
0.01659801
0.01650291
0.01445302
0.01068377
0.005633529
-0.0001027237
-0.00584813
-0.01091973
-0.01471186
-0.0166631
-0.0166631
-0.01491121
-0.01120451
-0.00615681
-0.0003676694
0.005474867
0.01067462
0.01460965
0.0166631
0.0166631
0.01518276
0.01155082
0.006545838
0.0007668678
-0.005094992
-0.01034204
-0.01434775
-0.01663818
-0.0166631
-0.01523362
-0.01171864
-0.006823496
-0.001135554
0.004664774
0.009889951
0.01392109
0.0162873
0.0166631
0.01517005
0.01184068
0.007131667
0.001605947
-0.004081486
-0.00926293
-0.01333526
-0.01583063
-0.01646884
-0.01518887
-0.01215394
-0.007726143
-0.002416041
0.003164601
0.008370454
0.01259738
0.01535363
0.01631577
0.01536939
0.01262179
0.008391812
0.003171721
-0.002427228
-0.007749027
-0.01216665
-0.01515784
-0.01636714
-0.01564705
-0.01307794
-0.008959335
-0.003772807
0.001870385
0.007305586
0.01188849
0.01507597
0.01648817
0.0159537
0.01353308
0.009508551
0.004353552
-0.001323203
-0.006851466
-0.01157675
-0.01493968
-0.01654055
-0.01618864
-0.01392465
-0.01001454
-0.004920566
0.0007556801
0.006342933
0.0111801
0.0146961
0.01647393
0.01630509
0.01420892
0.0104351
0.005430116
-0.0002125668
-0.005825246
-0.01074378
-0.0143864
-0.01632289
-0.01632442
-0.01439301
-0.01075853
-0.005853215
-0.0002583348
0.005361464
0.01034102
0.01408993
0.01616372
0.01631781
0.01453489
0.01102652
0.006210206
0.0006570247
-0.004972436
-0.01001149
-0.01386159
-0.01606507
-0.01636002
-0.01471135
-0.01131384
-0.006569738
-0.001041476
0.004614938
0.009728746
0.01369327
0.01603608
0.0164785
0.01496664
0.01167694
0.006997923
0.001483391
-0.004214213
-0.009420066
-0.01351732
-0.01601828
-0.01662598
-0.01526667
-0.01209851
-0.007496286
-0.002002603
0.003732124
0.009029513
0.01326254
0.0159298
0.0166631
0.01552297
0.01249618
0.007992614
0.002545208
-0.003200707
-0.00856573
-0.01291471
-0.015733
-0.0166631
-0.01566943
-0.01279825
-0.008417239
-0.00304713
0.002675392
0.008072454
0.01250585
0.0154533
0.01656902
0.01572537
0.01302658
0.008796604
0.00353939
-0.002122108
-0.00751917
-0.01201714
-0.01509021
-0.01638341
-0.01575283
-0.01328237
-0.009270557
-0.004194889
0.001356766
0.006743657
0.01134283
0.01461727
0.01618457
0.01585555
0.01366225
0.009855371
0.00487429
-0.00070025
-0.006214783
-0.01101788
-0.01453845
-0.01635188
-0.01623492
-0.01419112
-0.01045188
-0.005454017
0.000214601
0.005881693
0.01087295
0.0145888
0.01658174
0.01660665
0.0146544
0.01095228
0.005938649
0.0002084985
-0.005552164
-0.01065682
-0.0144937
-0.0166036
-0.0166631
-0.01486951
-0.01123502
-0.006266653
-0.0005598949
0.005201784
0.01033187
0.01421858
0.01640223
0.01662751
0.01487357
0.01135554
0.006498544
0.0008833219
-0.004818859
-0.009933176
-0.01385549
-0.01612558
-0.01648206
-0.01488985
-0.01154319
-0.006842821
-0.001346596
0.004297104
0.009426678
0.01344155
0.01587488
0.01644698
0.01509479
0.01198002
0.007468825
0.002088545
-0.003532779
-0.0087427
-0.01293556
-0.01562519
-0.01649986
-0.01545686
-0.01261772
-0.008310956
-0.003034417
0.002599112
0.007936167
0.01235583
0.01534244
0.01654461
0.01581945
0.01324627
0.009120541
0.003921807
-0.001744777
-0.007216593
-0.01184984
-0.01509682
-0.01657106
-0.01609253
-0.01371056
-0.009700268
-0.004531538
0.001186408
0.00677722
0.01157421
0.01500274
0.01664937
0.0163112
0.01402127
0.01004658
0.004857508
-0.0009265472
-0.006616015
-0.0115259
-0.01506478
-0.0166631
-0.01652732
-0.01426537
-0.01028457
-0.005059904
0.0007821238
0.006541261
0.01152488
0.01513293
0.0166631
0.0166631
0.01447743
0.01052002
0.005307051
-0.0005344682
-0.00630581
-0.01131639
-0.0149702
-0.0166631
-0.0166631
-0.01458524
-0.01075751
-0.005681331
3.102052E-05
0.005707266
0.01068682
0.0143925
0.01639612
0.01646986
0.01460863
0.01103415
0.006167489
0.0005797277
-0.005073634
-0.01012896
-0.0139928
-0.01621
-0.01651817
-0.01488019
-0.01148573
-0.006732977
-0.001180305
0.004518316
0.009692132
0.01372887
0.0161505
0.0166631
0.01521836
0.01196985
0.007303552
0.001769695
-0.003977746
-0.009260387
-0.01345223
-0.01605642
-0.0166631
-0.01548839
-0.01238075
-0.007807508
-0.002309249
0.003462602
0.008825591
0.01314456
0.01590691
0.0166631
0.01567706
0.01271129
0.008239761
0.002792864
-0.002984581
-0.008408085
-0.01283537
-0.01574164
-0.0166631
-0.01583623
-0.01301285
-0.008648622
-0.003260205
0.002513679
0.007990072
0.01252008
0.01556721
0.0166631
0.01599082
0.01331746
0.009069687
0.003749414
-0.002011248
-0.007532392
-0.01216004
-0.01534753
-0.0166631
-0.01611134
-0.01360021
-0.009483124
-0.004248794
0.001482882
0.007034538
0.01174864
0.01506885
0.0166036
0.01617339
0.01383057
0.009854354
0.004716136
-0.0009748579
-0.006545329
-0.01133673
-0.01478204
-0.01647495
-0.0162161
-0.01403653
-0.01019507
-0.005146354
0.0005115843
0.006110025
0.01098584
0.01456134
0.01641341
0.01632137
0.01429436
0.01057088
0.005590304
-5.898983E-05
-0.005710826
-0.01069445
-0.01441996
-0.01644392
-0.01652427
-0.0146483
-0.01103415
-0.006106465
-0.0004470006
0.005276539
0.01038679
0.01427757
0.01648664
0.0166631
0.01503478
0.01154065
0.006680599
0.001029271
-0.004744105
-0.00995606
-0.01398873
-0.0163651
-0.0166631
-0.01526159
-0.01192052
-0.007184046
-0.001620186
0.004105387
0.009319377
0.01341663
0.01592573
0.01655936
0.01524938
0.01215241
0.007632064
0.002216187
-0.003460567
-0.00873609
-0.01299048
-0.01572333
-0.01661072
-0.01554382
-0.01264213
-0.008241795
-0.002855922
0.002882365
0.008297734
0.01274892
0.01570554
0.0166631
0.0159298
0.01315728
0.008816438
0.003417342
-0.002400276
-0.007946846
-0.01256127
-0.0156918
-0.0166631
-0.0162161
-0.01353969
-0.009249199
-0.003853664
0.002003112
0.007623928
0.01233701
0.01558044
0.0166631
0.01633306
0.01375531
0.009543131
0.004202009
-0.001629848
-0.007256767
-0.0120085
-0.01532058
-0.0166631
-0.01628526
-0.01383413
-0.009747562
-0.004516791
0.001232684
0.006816885
0.0115737
0.01494223
0.01652885
0.01615203
0.01386363
0.009942838
0.004857508
-0.000785175
-0.00631954
-0.01109111
-0.01454049
-0.01626492
-0.01606659
-0.01397449
-0.01023931
-0.005304508
0.0002466385
0.00576168
0.01059224
0.01417231
0.01608388
0.01610372
0.0142313
0.01068835
0.005890338
0.000400724
-0.005136184
-0.0100715
-0.013826
-0.01595878
-0.01621814
-0.01457202
-0.01121265
-0.006532107
-0.001079107
0.004506112
0.009567033
0.01350715
0.01586064
0.0163473
0.01490612
0.01170338
0.00711336
0.001675108
-0.003970118
-0.009156646
-0.01326966
-0.01581945
-0.01650088
-0.01522802
-0.01214733
-0.007619859
-0.002178556
0.003532779
0.008837287
0.01310439
0.01582504
0.0166631
0.01554128
0.01256433
0.008091269
0.002652508
-0.003105103
-0.008497079
-0.01288013
-0.01573096
-0.0166631
-0.01569994
-0.01282368
-0.008427918
-0.003042045
0.002686072
0.00806686
0.01245804
0.01534854
0.01640934
0.01552602
0.01281351
0.008599294
0.003384796
-0.002213644
-0.007539511
-0.0119668
-0.01497884
-0.01622424
-0.01555806
-0.01306065
-0.009025953
-0.003927909
0.001634425
0.007007077
0.01155692
0.01474695
0.01619932
0.0157391
0.01341764
0.009504483
0.004458818
-0.001125384
-0.006589571
-0.01128587
-0.01465643
-0.01629848
-0.01601167
-0.01382549
-0.009993692
-0.004965317
0.0006646527
0.006232073
0.01107483
0.01461778
0.01643731
0.01631323
0.01425723
0.01050884
0.005510464
-0.0001479831
-0.005796768
-0.01076615
-0.01446777
-0.01646223
-0.01651207
-0.01461117
-0.01098482
-0.006062223
-0.0004251336
0.00525874
0.01031814
0.01415553
0.01631832
0.01655275
0.0148334
0.01136521
0.006560076
0.0009860456
-0.00469732
-0.009820282
-0.01377972
-0.01610931
-0.01653648
-0.01501342
-0.01172118
-0.007049285
-0.0015495
0.004129797
0.009321411
0.01341408
0.01592675
0.01656445
0.01525345
0.01214784
0.00761274
0.002182115
-0.003506335
-0.0087844
-0.01303167
-0.01574876
-0.0166153
-0.01552907
-0.01261671
-0.00821942
-0.002853379
0.002851345
0.008223996
0.01263196
0.01555603
0.01664988
0.01578232
0.01305404
0.008782875
0.003471247
-0.002255853
-0.007725126
-0.0122887
-0.01540753
-0.0166631
-0.01603812
-0.01346799
-0.009300052
-0.004023005
0.0017402
0.007309654
0.01202426
0.01532312
0.0166631
0.01631171
0.01387431
0.009786719
0.004530013
-0.00127235
-0.006932322
-0.01177356
-0.01521836
-0.0166631
-0.01647596
-0.01413315
-0.01010099
-0.004861576
0.0009550251
0.006649069
0.0115315
0.0150119
0.0166631
0.01635595
0.01408077
0.01013862
0.005004982
-0.0007063524
-0.006318015
-0.01116688
-0.01468237
-0.01645562
-0.0162817
-0.01418705
-0.0104234
-0.005438252
0.0001790036
0.005766765
0.01066648
0.014303
0.01624916
0.01627764
0.01438793
0.01080277
0.005946277
0.0003905534
-0.005207887
-0.01019049
-0.01396991
-0.01609965
-0.01632849
-0.01462999
-0.01120349
-0.006453793
-0.0009412947
0.004683081
0.00975519
0.01367547
0.01598065
0.01639765
0.01487713
0.01159811
0.006948087
0.001477289
-0.004167937
-0.009320394
-0.01337086
-0.01583979
-0.0164363
-0.0150897
-0.01196019
-0.007417972
-0.002000569
0.003650759
0.008868308
0.01303523
0.01566027
0.01643325
0.01526413
0.01229277
0.007871583
0.002523849
-0.003117816
-0.008387236
-0.01266298
-0.01543957
-0.01639104
-0.01540652
-0.01260399
-0.008314515
-0.003046113
0.002578771
0.00789701
0.01228107
0.01521429
0.01635188
0.01555959
0.01293149
0.008778297
0.003589735
-0.002022436
-0.007398647
-0.01190476
-0.01500986
-0.01634934
-0.01576402
-0.01332357
-0.009313783
-0.004207094
0.00139694
0.006839769
0.01148064
0.0147739
0.01633103
0.01596845
0.01372785
0.009871135
0.004850897
-0.0007429668
-0.006252923
-0.0110311
-0.01451353
-0.01628882
-0.01614542
-0.01409806
-0.01038374
-0.005437744
0.0001586623
0.005747441
0.01066953
0.01434165
0.01632696
0.01638544
0.01450489
0.01090142
0.005995096
0.0003625841
-0.005330443
-0.01041018
-0.01426944
-0.01644545
-0.0166631
-0.01491121
-0.01136724
-0.00645481
-0.0007566972
0.005046682
0.01025864
0.01424503
0.01651715
0.0166631
0.01507648
0.01154879
0.006647035
0.0009611275
-0.004828013
-0.01003132
-0.01403195
-0.01635697
-0.0166631
-0.01512835
-0.01173033
-0.006949613
-0.001355241
0.004387623
0.009600087
0.0136653
0.01610524
0.01663412
0.01519192
0.01195256
0.007302026
0.001791053
-0.003926892
-0.009177496
-0.01333933
-0.01592166
-0.01662089
-0.01535566
-0.0122765
-0.00774801
-0.002306197
0.003405646
0.008714222
0.01299149
0.015733
0.01661581
0.01553619
0.01262281
0.008219928
0.002847785
-0.002857956
-0.008225014
-0.01261823
-0.01551941
-0.01658682
-0.01569384
-0.01294725
-0.008671505
-0.003371066
0.002326539
0.007750044
0.01225921
0.01532159
0.01657563
0.01587437
0.01330119
0.009160206
0.003941131
-0.0017402
-0.00721405
-0.01183407
-0.01505563
-0.01649986
-0.01599845
-0.0136114
-0.009621954
-0.004503569
0.001139623
0.006640424
0.01135046
0.0147144
0.01633612
0.01602642
0.01382447
0.009991658
0.004982607
-0.0006092226
-0.006124264
-0.01091109
-0.01440522
-0.01619627
-0.01607422
-0.01405585
-0.01038018
-0.005483003
5.644717E-05
0.005586744
0.01045544
0.01408993
0.01606354
0.01614542
0.01432741
0.01082514
0.006052052
0.0005705741
-0.00497447
-0.009932668
-0.01372022
-0.01589268
-0.01619627
-0.01459439
-0.01127519
-0.006627711
-0.001197595
0.00437847
0.00944651
0.01341053
0.01580368
0.0163412
0.01495647
0.01180712
0.007258801
0.00184089
-0.003811964
-0.009036632
-0.01321576
-0.0158525
-0.01662852
-0.01544262
-0.01242448
-0.007918877
-0.002451638
0.00333496
0.008755922
0.01316236
0.01601777
0.0166631
0.01588098
0.01289792
0.008370963
0.002842191
-0.003027806
-0.008539287
-0.01303523
-0.01598014
-0.0166631
-0.01605134
-0.01317406
-0.008738124
-0.003273427
0.002570635
0.008100932
0.01266146
0.01571418
0.0166631
0.01608185
0.01335916
0.009059008
0.00369195
-0.002103293
-0.007642235
-0.01226938
-0.01543805
-0.0166631
-0.01613067
-0.01357783
-0.009424643
-0.00416336
0.001581538
0.007131159
0.0118295
0.01512326
0.01662496
0.01616016
0.01378684
0.009787227
0.004637313
-0.001052663
-0.00661093
-0.01137944
-0.01479526
-0.01645613
-0.01616728
-0.01396381
-0.0101076
-0.005055835
0.0005929496
0.006171049
0.01101737
0.0145593
0.01637629
0.01625323
0.01420333
0.01046968
0.005492157
-0.0001393381
-0.005760154
-0.0107036
-0.01438386
-0.01636459
-0.01640934
-0.0145115
-0.01089481
-0.005985943
-0.0003656353
0.00530044
0.01034204
0.01416214
0.01630713
0.01652326
0.01478509
0.01129859
0.006476677
0.0008914584
-0.00479445
-0.009909275
-0.01384735
-0.01614338
-0.01652783
-0.01495748
-0.01162252
-0.006919609
-0.001408128
0.004257439
0.009407353
0.01343392
0.0158642
0.01641392
0.01502461
0.01186509
0.007314231
0.001912593
-0.003699069
-0.008859155
-0.01295996
-0.01552246
-0.01624916
-0.0150597
-0.01210004
-0.007723092
-0.002446553
0.003106629
0.008285529
0.01248245
0.01520819
0.01614491
0.01518632
0.01244635
0.008247389
0.003081202
-0.002447061
-0.00769258
-0.01204054
-0.01498189
-0.01617033
-0.01546144
-0.01293403
-0.008876445
-0.003758059
0.001824617
0.007220152
0.01179237
0.01499613
0.01644087
0.01593285
0.01352291
0.00949177
0.004316429
-0.001386261
-0.006938425
-0.01167694
-0.0150358
-0.01661377
-0.01622119
-0.0139038
-0.009936736
-0.00479089
0.0009204448
0.00652092
0.01134385
0.01481764
0.01652987
0.01627865
0.01409552
0.01024033
0.00517229
-0.0005059904
-0.006121721
-0.0110072
-0.01458524
-0.01643121
-0.01632798
-0.01428927
-0.01055715
-0.005574031
6.865196E-05
0.005705232
0.0106675
0.01437013
0.01637527
0.01644748
0.01457761
0.01098686
0.006098837
0.0004897173
-0.005179918
-0.01024236
-0.01410111
-0.01630204
-0.01658479
-0.01491629
-0.01149132
-0.006713145
-0.001142165
0.004565101
0.009738408
0.01376802
0.01617847
0.0166631
0.01522446
0.01196833
0.007298975
0.001765118
-0.003980797
-0.009260896
-0.01345019
-0.01605185
-0.0166631
-0.01547517
-0.01235888
-0.007773945
-0.002261447
0.003524643
0.008897803
0.01321881
0.01597099
0.0166631
0.01567553
0.01265739
0.008126867
0.002623522
-0.003197147
-0.008641502
-0.0130576
-0.0159181
-0.0166631
-0.01582555
-0.01288216
-0.008399949
-0.00291542
0.002916437
0.008399441
0.01287809
0.01581843
0.0166631
0.01591556
0.01306574
0.008665912
0.003243424
-0.002554361
-0.008037365
-0.01255517
-0.01557433
-0.0166631
-0.01592726
-0.01323305
-0.008986288
-0.003694493
0.002012265
0.007461197
0.01201104
0.0151314
0.01646223
0.01585708
0.01339476
0.00937379
0.004270661
-0.001312015
-0.006722298
-0.01132859
-0.01459693
-0.01615152
-0.01581487
-0.01363123
-0.009856388
-0.004930228
0.0005741338
0.006019506
0.01077276
0.01428012
0.01613016
0.01609812
0.01416722
0.0105546
0.00568184
0.0001205223
-0.005471816
-0.01043408
-0.0141779
-0.01625628
-0.01642104
-0.01464982
-0.01114755
-0.006327168
-0.0007556801
0.004909378
0.009999285
0.01391346
0.01618813
0.01655428
0.01496613
0.01161133
0.006882995
0.001339476
-0.004365756
-0.009560421
-0.01363021
-0.01609354
-0.01665853
-0.0152565
-0.01205071
-0.007417972
-0.001903439
0.003841967
0.009140882
0.01336628
0.01601777
0.0166631
0.0155606
0.01250076
0.007959051
0.002471471
-0.00331411
-0.008715748
-0.0130932
-0.01592726
-0.0166631
-0.0158408
-0.01292691
-0.00848284
-0.003032891
0.002777099
0.008260102
0.01276672
0.01576249
0.0166631
0.01602184
0.01325491
0.008919161
0.003530236
-0.002272126
-0.00779988
-0.01239651
-0.01551687
-0.0166631
-0.01607015
-0.01344104
-0.009218179
-0.003906042
0.001862248
0.00740119
0.01205122
0.01526006
0.01664683
0.01604879
0.01353969
0.009419558
0.004181159
-0.001550009
-0.007092002
-0.01178475
-0.01506885
-0.0165558
-0.01606863
-0.01366683
-0.009638227
-0.004462378
0.001243363
0.006801121
0.0115498
0.01492443
0.01652631
0.01616474
0.01388499
0.009958094
0.004851914
-0.0008268747
-0.006405991
-0.01122383
-0.01471135
-0.01645664
-0.01625679
-0.01413773
-0.01035322
-0.005353327
0.000269014
0.005850673
0.01073259
0.01434114
0.01625475
0.01625221
0.01433809
0.01074276
0.005892881
0.0003610585
-0.005200767
-0.01014117
-0.01388143
-0.01598574
-0.01621051
-0.01453184
-0.01114908
-0.006457861
-0.001007404
0.00456561
0.009612292
0.01354325
0.01589776
0.01639816
0.01497833
0.01178424
0.007180487
0.001706128
-0.003992493
-0.00923852
-0.01340442
-0.01598879
-0.0166631
-0.01538363
-0.01225412
-0.007660033
-0.002147535
0.003625332
0.008968998
0.01324373
0.01593692
0.0166631
0.01551687
0.01245448
0.007906672
0.002418075
-0.00335225
-0.008715748
-0.01303065
-0.01578487
-0.01665141
-0.01553162
-0.01256433
-0.00810856
-0.002698785
0.003017635
0.008360792
0.01269654
0.01551382
0.0164841
0.01549958
0.01268383
0.008377573
0.003094932
-0.002535546
-0.007849717
-0.01222208
-0.01514208
-0.01627102
-0.01548331
-0.01287809
-0.00876711
-0.00363652
0.001908016
0.007218627
0.01167236
0.01475102
0.01609711
0.01555501
0.01319135
0.009282762
0.004286934
-0.001211834
-0.006571773
-0.01116535
-0.01445505
-0.01605286
-0.0157691
-0.01363225
-0.009887917
-0.004969893
0.0005476901
0.006019506
0.01080124
0.01432792
0.01617694
0.01612355
0.01416366
0.01051951
0.005613188
1.881572E-05
-0.005603526
-0.01058867
-0.01434063
-0.0164068
-0.01653241
-0.01469355
-0.01109924
-0.006169015
-0.0004851405
0.005276539
0.01043052
0.01435741
0.01658479
0.0166631
0.01509123
0.01153963
0.006608387
0.0008848475
-0.004945992
-0.01018795
-0.01421401
-0.01654309
-0.0166631
-0.01524277
-0.01177559
-0.006916049
-0.001248449
0.004547811
0.009782142
0.01383312
0.01622271
0.0166631
0.01514818
0.01183204
0.007131667
0.001612558
-0.004066739
-0.009234452
-0.01328237
-0.01574062
-0.01633001
-0.01499359
-0.01190018
-0.007423057
-0.002094139
0.003459042
0.008589632
0.01270265
0.01532617
0.01616271
0.01512276
0.01232989
0.008097372
0.00291186
-0.002622505
-0.007860395
-0.01218649
-0.0150897
-0.01622627
-0.01545686
-0.01286792
-0.00875999
-0.003613636
0.00196548
0.007321859
0.01182085
0.01493104
0.01628221
0.01571113
0.01328288
0.009281745
0.004178108
-0.001425418
-0.006868247
-0.01150556
-0.01478865
-0.01632747
-0.01593844
-0.0136653
-0.009775531
-0.004727832
0.0008817963
0.006391752
0.01114959
0.01459286
0.01631323
0.01610728
0.01399839
0.01023524
0.005261283
-0.0003341062
-0.005890847
-0.01075191
-0.01434165
-0.01623492
-0.01620797
-0.01426333
-0.01063088
-0.005740321
-0.0001703586
0.005419437
0.01036746
0.01408738
0.01613779
0.01627458
0.014482
0.01097058
0.006156301
0.0006102397
-0.005010576
-0.01003997
-0.0138799
-0.01607371
-0.01635951
-0.0147022
-0.01129655
-0.006545329
-0.001011981
0.004647484
0.0097618
0.01372226
0.01605744
0.01648766
0.01496003
0.01165303
0.006957749
0.001429486
-0.004276255
-0.009482107
-0.01357071
-0.01605388
-0.01663615
-0.01524582
-0.01204562
-0.007413903
-0.001898354
0.003847053
0.009142407
0.01335815
0.01599489
0.0166631
0.0155006
0.01242702
0.007882771
0.002406379
-0.003352758
-0.008712697
-0.01303879
-0.01581843
-0.0166631
-0.01565061
-0.01272807
-0.008304344
-0.002906266
0.002824393
0.008210266
0.01261365
0.01551534
0.01657716
0.01567706
0.01292742
0.008658283
0.003379202
-0.002283822
-0.007661559
-0.01212139
-0.01514005
-0.01636815
-0.01566689
-0.01312575
-0.009049854
-0.003921298
0.001654767
0.007026401
0.01156811
0.01475356
0.01621763
0.01579605
0.01354427
0.009726203
0.004774109
-0.0007429668
-0.006187322
-0.01092431
-0.01439657
-0.0161922
-0.01609202
-0.01409959
-0.01044018
-0.005536908
3.661438E-05
0.005625393
0.01056884
0.01427859
0.01631018
0.01641596
0.01457507
0.01099855
0.006104939
0.0004703931
-0.005237382
-0.01034153
-0.01423282
-0.01644545
-0.0166631
-0.01499308
-0.01149081
-0.00661754
-0.0009489227
0.004842252
0.01006794
0.0141062
0.01647495
0.0166631
0.0153043
0.01190018
0.00708234
0.001422367
-0.004406439
-0.009712981
-0.01386566
-0.01637222
-0.0166631
-0.01548636
-0.01220073
-0.007468825
-0.00185462
0.003975203
0.009327005
0.01356563
0.01618763
0.0166631
0.01557128
0.01240973
0.007776488
0.002223307
-0.003586684
-0.00896442
-0.01327017
-0.01599184
-0.0166631
-0.01562468
-0.01258314
-0.008047028
-0.002557413
0.003231728
0.008632349
0.01300217
0.01582301
0.0166631
0.01570503
0.012783
0.008343502
0.002914911
-0.002857447
-0.008289088
-0.01273469
-0.0156679
-0.0166631
-0.01582911
-0.01304031
-0.008707103
-0.003343605
0.002413498
0.007883788
0.01241889
0.01548229
0.0166631
0.01596743
0.01333425
0.009127151
0.003844001
-0.001888692
-0.007394071
-0.01202172
-0.01522548
-0.01662903
-0.01606812
-0.0136119
-0.009552794
-0.00437135
0.001317609
0.006844346
0.0115554
0.01489646
0.01647545
0.01610982
0.01384481
0.009951483
0.00489158
-0.0007358473
-0.006268687
-0.01105398
-0.01453032
-0.01629187
-0.01613423
-0.01408026
-0.0103756
-0.005458085
9.204448E-05
0.005624884
0.01049155
0.01412552
0.01610575
0.01620593
0.01442047
0.01096296
0.006239192
0.0007897518
-0.00475987
-0.009768412
-0.01365055
-0.01594861
-0.01638494
-0.01489748
-0.01164897
-0.00700962
-0.001517971
0.004182176
0.009419558
0.01356817
0.01612965
0.0166631
0.01545127
0.01226734
0.007604095
0.002009723
-0.003852138
-0.009283779
-0.01363174
-0.01637171
-0.0166631
-0.01591759
-0.01276367
-0.008078048
-0.002417566
0.003540916
0.00908596
0.0135519
0.01640375
0.0166631
0.01613423
0.01304591
0.008407577
0.002775573
-0.003175789
-0.00873609
-0.01324271
-0.01616118
-0.0166631
-0.01609711
-0.01313693
-0.008628789
-0.003114257
0.002746587
0.008259085
0.01277079
0.01575283
0.0166631
0.01596895
0.01319643
0.008876953
0.003527185
-0.00221873
-0.007683935
-0.01222717
-0.01531803
-0.01660004
-0.01592878
-0.01338866
-0.009283271
-0.004096742
0.001561197
0.007028944
0.01166677
0.01493358
0.01644952
0.01603761
0.01374717
0.009846217
0.004789365
-0.0008314516
-0.006359206
-0.01114704
-0.01463151
-0.01640273
-0.01624814
-0.01418248
-0.01044323
-0.005466222
0.0001657818
0.005791683
0.01074683
0.01444336
0.01644087
0.0164958
0.01459592
0.01095889
0.006010861
0.0003346147
-0.005396044
-0.01050172
-0.01437013
-0.01653749
-0.0166631
-0.01494629
-0.01136521
-0.00642023
-0.0006971988
0.005120419
0.01033899
0.014333
0.01662293
0.0166631
0.01522294
0.01169575
0.006771117
0.001036899
-0.004821911
-0.0101076
-0.0141896
-0.01658174
-0.0166631
-0.01540397
-0.01198206
-0.007146415
-0.001477289
0.004351009
0.009646872
0.01378531
0.01628272
0.0166631
0.01544059
0.01222513
0.00759901
0.002116006
-0.003581598
-0.008834745
-0.01303472
-0.01569638
-0.01651359
-0.01539228
-0.01246618
-0.00807754
-0.002740485
0.00291898
0.008236201
0.01258518
0.01545229
0.01649681
0.01559061
0.01283741
0.008558103
0.003254103
-0.00244757
-0.007875143
-0.01238227
-0.01543347
-0.01666209
-0.01591709
-0.01328136
-0.009062568
-0.003757042
0.002007688
0.007549173
0.01220937
0.01543194
0.0166631
0.01623797
0.01371768
0.009566016
0.004272186
-0.001536278
-0.007172859
-0.01196731
-0.01535058
-0.0166631
-0.01648562
-0.01409857
-0.01003997
-0.004788856
0.001031814
0.006734503
0.01164236
0.01517412
0.0166631
0.01664581
0.01441132
0.01047222
0.005294846
-0.0005064989
-0.006245803
-0.01124316
-0.01490765
-0.0166631
-0.0166631
-0.0146483
-0.01085159
-0.005776936
-2.593519E-05
0.005718963
0.01077887
0.01455625
0.01660564
0.0166631
0.0147978
0.01116179
0.006214783
0.0005436218
-0.005177375
-0.01027338
-0.0141418
-0.01632849
-0.01657818
-0.01486696
-0.01140131
-0.006596182
-0.00102266
0.004657146
0.00977248
0.0137192
0.01603303
0.01644342
0.01490714
0.01160879
0.006943002
0.001463558
-0.004179125
-0.009318869
-0.01334747
-0.01579148
-0.01636256
-0.01499613
-0.01185543
-0.007313722
-0.001909033
0.003719411
0.008906957
0.01304082
0.0156318
0.01637527
0.01518327
0.01219666
0.007767843
0.0024196
-0.003215455
-0.008474703
-0.0127357
-0.01549653
-0.01643172
-0.01543093
-0.01261264
-0.008310447
-0.003032383
0.002598095
0.00791786
0.0123004
0.01523057
0.01636663
0.01557942
0.01296861
0.008847967
0.003710257
-0.00183377
-0.007136753
-0.01158845
-0.01467728
-0.01604829
-0.01554586
-0.01322847
-0.009364637
-0.004402371
0.00108165
0.006450233
0.01107534
0.01441234
0.01606558
0.01583369
0.01373548
0.01000946
0.005085839
-0.0004586968
-0.005973738
-0.01080633
-0.01437928
-0.01626289
-0.01622526
-0.01426028
-0.01059325
-0.005651836
-1.932426E-05
0.005635055
0.01063699
0.01438691
0.01643172
0.01652122
0.01463812
0.01100211
0.006043915
0.0003534305
-0.005388416
-0.0104951
-0.01435335
-0.01649885
-0.0166631
-0.01485425
-0.0112574
-0.006312421
-0.0006112567
0.005163136
0.0103217
0.01424757
0.01647139
0.0166631
0.01499257
0.01146996
0.006582452
0.000914851
-0.004856999
-0.0100476
-0.01403958
-0.01636103
-0.0166631
-0.01513293
-0.01173491
-0.006951138
-0.001350664
0.004402879
0.009629582
0.01371208
0.01617084
0.0166631
0.0152921
0.01206444
0.007417463
0.001901914
-0.003831797
-0.009108336
-0.01330628
-0.01593234
-0.0166631
-0.01545788
-0.01241583
-0.007911758
-0.002476047
0.003249018
0.00859014
0.01291674
0.01571825
0.0166631
0.01563993
0.01276723
0.008383676
0.00300543
-0.00273184
-0.008151785
-0.01261213
-0.0155845
-0.0166631
-0.01586674
-0.01313795
-0.008848984
-0.00350481
0.002262464
0.007771402
0.01236803
0.01550721
0.0166631
0.01613169
0.01353868
0.00933921
0.004028599
-0.001763593
-0.007353388
-0.01207766
-0.01537702
-0.0166631
-0.01634883
-0.01390634
-0.009821807
-0.004579849
0.001197087
0.006824005
0.01163371
0.01505766
0.0166631
0.01634883
0.01407365
0.01014422
0.005035494
-0.0006387175
-0.006200035
-0.01099042
-0.01445658
-0.0162039
-0.01603913
-0.0139928
-0.01031305
-0.005434693
6.763489E-05
0.005551147
0.0103756
0.01397754
0.01593793
0.01602744
0.01423537
0.01077073
0.006038322
0.0005919325
-0.004930228
-0.009879271
-0.01367242
-0.01586064
-0.01618203
-0.01459541
-0.01128282
-0.006631779
-0.001188442
0.004403896
0.00948465
0.0134507
0.01582911
0.01633408
0.01490256
0.01170084
0.007106241
0.001662395
-0.003983848
-0.00916224
-0.01325542
-0.01577622
-0.01642358
-0.01511869
-0.01201613
-0.007485607
-0.002065661
0.00359838
0.008834236
0.01301845
0.01565468
0.01643172
0.01525803
0.0122765
0.007842597
0.002484184
-0.00316155
-0.008426392
-0.01268688
-0.0154411
-0.01636612
-0.01535617
-0.01253483
-0.008238235
-0.002976444
0.002627082
0.007913283
0.01225921
0.0151553
0.01626441
0.0154589
0.01283741
0.008710663
0.003565325
-0.001991415
-0.007309146
-0.01176339
-0.0148334
-0.01615966
-0.01558908
-0.01319033
-0.009244623
-0.004216756
0.001303879
0.006670428
0.01125282
0.01451353
0.01606914
0.01573706
0.01355393
0.009775531
0.004843778
-0.00066211
-0.006095786
-0.0108165
-0.01426791
-0.01603964
-0.01592014
-0.01391855
-0.01026677
-0.005391976
0.0001332357
0.005658447
0.01052867
0.0141657
0.01613423
0.01619576
0.01433555
0.01076666
0.005905594
0.0003244441
-0.005316713
-0.01034966
-0.01417333
-0.01632798
-0.01655122
-0.01480848
-0.0112991
-0.00643396
-0.0007877177
0.004969385
0.01015235
0.01413976
0.01645257
0.0166631
0.0151614
0.01170389
0.006847397
0.001173694
-0.004635279
-0.009878763
-0.01392618
-0.01630306
-0.0166631
-0.01518124
-0.01183356
-0.007093019
-0.001524074
0.004214213
0.009447019
0.01355851
0.01606761
0.0166631
0.01533125
0.01217682
0.007591382
0.00211448
-0.003608551
-0.008905431
-0.01315219
-0.01584894
-0.0166631
-0.01553874
-0.01256687
-0.008110594
-0.002694208
0.003042553
0.00842385
0.012813
0.01569028
0.0166631
0.01576046
0.01294115
0.008587598
0.00321342
-0.002544699
-0.008006853
-0.01252466
-0.01556162
-0.0166631
-0.01596794
-0.01328644
-0.009029513
-0.003701612
0.002065661
0.007589347
0.01221395
0.01539126
0.0166631
0.0161144
0.01357529
0.009429729
0.004169971
-0.001580012
-0.007139804
-0.01184933
-0.01515276
-0.01665954
-0.01619373
-0.01381227
-0.009799432
-0.004632228
0.001077073
0.006652121
0.01143437
0.01485883
0.01652224
0.01623034
0.01401975
0.01015388
0.005091941
-0.0005675229
-0.006155284
-0.01101177
-0.01456439
-0.01639358
-0.01628526
-0.01425316
-0.01053833
-0.005578608
3.966558E-05
0.005654379
0.01060342
0.01430249
0.01631628
0.01640629
0.01456184
0.01099957
0.006138503
0.0005507413
-0.005104146
-0.01016151
-0.01402432
-0.01623593
-0.01653444
-0.01488375
-0.01147657
-0.006713145
-0.00115437
0.00454476
0.009711456
0.01373548
0.01613931
0.01663666
0.01516649
0.01189967
0.007218627
0.001675616
-0.004074875
-0.00935294
-0.01353206
-0.01611389
-0.0166631
-0.01547263
-0.01231616
-0.007689528
-0.00213889
0.00367822
0.009070195
0.01339374
0.01613067
0.0166631
0.01574825
0.01266502
0.008064318
0.002494863
-0.003375134
-0.008840338
-0.01323864
-0.01603507
-0.0166631
-0.01574571
-0.01271587
-0.008182805
-0.002693191
0.003095949
0.008497587
0.01287301
0.01571062
0.0166631
0.01567757
0.01282673
0.00847216
0.003132055
-0.002560972
-0.007936675
-0.01236346
-0.01532261
-0.01647037
-0.01567604
-0.01303726
-0.008867799
-0.003659912
0.001972091
0.007367627
0.01189306
0.01501749
0.01637578
0.01580978
0.01338662
0.009391588
0.004294562
-0.001305913
-0.006753319
-0.01140792
-0.01472305
-0.01630967
-0.01598065
-0.01377464
-0.009949449
-0.004954129
0.0006254957
0.006133926
0.01092431
0.01443268
0.01624509
0.01614694
0.01414739
0.01047985
0.005573522
4.576797E-06
-0.005571997
-0.0105007
-0.01419977
-0.01623187
-0.01635493
-0.01455218
-0.01103262
-0.00620868
-0.0006468541
0.004996846
0.01005929
0.01394092
0.01618356
0.0165197
0.01490816
0.01153607
0.006801121
0.001260653
-0.004431357
-0.009602121
-0.01363987
-0.01606609
-0.01659293
-0.01515581
-0.01192357
-0.007277617
-0.001767152
0.003955879
0.009214619
0.01338612
0.01597557
0.0166631
0.01540245
0.01230548
0.007750552
0.002275685
-0.003471247
-0.008811352
-0.01311303
-0.01586776
-0.0166631
-0.01565366
-0.01271028
-0.008265696
-0.002845751
0.002909826
0.008322143
0.01275248
0.01567706
0.0166631
0.01584792
0.01307286
0.008752363
0.003395475
-0.002365696
-0.007853276
-0.01241889
-0.01552246
-0.0166631
-0.01608541
-0.01347155
-0.009259879
-0.003942657
0.001852586
0.007443398
0.01216767
0.01546246
0.0166631
0.01639765
0.01391245
0.009764852
0.004442036
-0.001426435
-0.007142855
-0.0120202
-0.01546805
-0.0166631
-0.01660513
-0.01416315
-0.01003183
-0.004710033
0.001163015
0.006885029
0.01177559
0.01525548
0.0166631
0.01656699
0.01425672
0.01026626
0.005074143
-0.00070025
-0.006372936
-0.01127367
-0.01482577
-0.01661581
-0.01643731
-0.01431877
-0.01051646
-0.005483512
0.0001825634
0.00581355
0.0107453
0.01439962
0.01635035
0.01637171
0.01446675
0.01086277
0.005988485
0.0004195398
-0.005188563
-0.01017727
-0.01396076
-0.01609711
-0.01633713
-0.01465643
-0.01125384
-0.006532107
-0.001046561
0.004556456
0.00961992
0.01354732
0.01587742
0.01633612
0.01487001
0.01164998
0.00705437
0.001623746
-0.004003681
-0.009164783
-0.01325135
-0.01578029
-0.01645054
-0.01517971
-0.01211377
-0.007611723
-0.00220144
0.0034804
0.008764058
0.01302404
0.01575537
0.01663106
0.01554331
0.01261671
0.008192976
0.002791846
-0.002948475
-0.008351129
-0.01277486
-0.01569384
-0.0166631
-0.01584233
-0.01304794
-0.008705578
-0.003326823
0.002450112
0.007941761
0.01249618
0.0155723
0.0166631
0.01604422
0.01338306
0.009135288
0.003804844
-0.001975142
-0.007520695
-0.01217377
-0.01538363
-0.0166631
-0.01617084
-0.01365818
-0.009531943
-0.004280831
0.001471186
0.007045725
0.01178322
0.01512581
0.0166631
0.01626492
0.01393228
0.009958602
0.004814283
-0.0008940011
-0.006494476
-0.0113291
-0.01482933
-0.01658581
-0.01639205
-0.01427198
-0.01047426
-0.005443846
0.0002288399
0.005879659
0.01084396
0.01453896
0.01652783
0.01657258
0.01466355
0.01101889
0.006062223
0.0003727547
-0.005379771
-0.01051545
-0.01442149
-0.01662395
-0.0166631
-0.01504597
-0.01144962
-0.006483288
-0.0007434753
0.005082788
0.01030085
0.01428774
0.01657055
0.0166631
0.01518683
0.01169473
0.006825022
0.001160472
-0.004623583
-0.009840115
-0.01387227
-0.01624458
-0.0166631
-0.01513852
-0.01180458
-0.007081323
-0.001532719
0.004179633
0.00938091
0.01345528
0.0159242
0.01649986
0.0151192
0.01195154
0.007374746
0.001933443
-0.003728056
-0.008941537
-0.01309218
-0.01569282
-0.01643935
-0.01524582
-0.01225514
-0.007821747
-0.002467911
0.003174772
0.008444191
0.01272045
0.0155011
0.01645918
0.01548178
0.01268332
0.008390795
0.003107646
-0.002545208
-0.007905655
-0.01234261
-0.01533227
-0.01652173
-0.01576656
-0.0131527
-0.008983237
-0.003745855
0.001944122
0.007417972
0.01202884
0.01522904
0.01663768
0.01608236
0.01362309
0.009544657
0.004325582
-0.001418807
-0.007010637
-0.01178475
-0.01517259
-0.0166631
-0.01637731
-0.0140406
-0.01003183
-0.004823945
0.0009651958
0.006648052
0.01154675
0.0150775
0.0166631
0.01655529
0.01432283
0.01038475
0.005209921
-0.0005837959
-0.006306827
-0.0112757
-0.01489849
-0.0166631
-0.01659445
-0.01447031
-0.01062783
-0.005526229
0.000223246
0.005937632
0.01093651
0.01462846
0.01657869
0.01656089
0.01458371
0.01088617
0.005911188
0.0002507068
-0.005424522
-0.01044679
-0.01422672
-0.0163234
-0.0164963
-0.01473169
-0.01124265
-0.006444131
-0.0009016291
0.004733934
0.009804009
0.01371666
0.01601727
0.01643884
0.01493358
0.01167846
0.007052336
0.001595268
-0.004057077
-0.009244623
-0.01335815
-0.015912
-0.01659598
-0.01531091
-0.01220073
-0.007632573
-0.002148044
0.003598888
0.008925772
0.01319745
0.01590386
0.0166631
0.01555806
0.01254653
0.00804601
0.002590976
-0.003169687
-0.008554035
-0.01292233
-0.0157569
-0.0166631
-0.01570147
-0.01281808
-0.008411136
-0.003002888
0.00276642
0.008214334
0.01269604
0.01567909
0.0166631
0.01595065
0.01320203
0.008886106
0.003511421
-0.00228789
-0.007828358
-0.01245397
-0.01561705
-0.0166631
-0.01626848
-0.01367496
-0.009464309
-0.004132848
0.001690364
0.007319825
0.01208885
0.01543449
0.0166631
0.01648613
0.01406755
0.00999064
0.004737494
-0.001068936
-0.00674264
-0.01161235
-0.01510292
-0.0166631
-0.01651207
-0.01426995
-0.01034407
-0.00520331
0.0005405706
0.006206646
0.01112314
0.01470881
0.01654156
0.01640884
0.01433148
0.0105602
0.00554657
-0.0001103517
-0.005739813
-0.0106736
-0.01432944
-0.01627662
-0.01628933
-0.01437165
-0.01075497
-0.00587254
-0.0003051198
0.005285692
0.01023982
0.01397195
0.01604422
0.01621508
0.01446827
0.01101483
0.006265636
0.0007841579
-0.004781228
-0.009775022
-0.01360936
-0.01583419
-0.01619068
-0.01464016
-0.01136826
-0.006762981
-0.001367954
0.004181159
0.009232926
0.01319491
0.01560332
0.01617898
0.01485628
0.0117939
0.007353897
0.002058033
-0.003471755
-0.008588615
-0.012694
-0.01530888
-0.01612965
-0.01506224
-0.01223429
-0.00797685
-0.002789304
0.002721669
0.007913283
0.01217835
0.01501851
0.01610067
0.01529667
0.01269654
0.008600311
0.003482434
-0.002062102
-0.007388985
-0.01187323
-0.01498596
-0.01635391
-0.01580216
-0.01336933
-0.009327513
-0.004146579
0.001559671
0.007112852
0.01184577
0.01518632
0.0166631
0.01627458
0.01387482
0.009809094
0.004559508
-0.001246923
-0.006916049
-0.01176745
-0.01521734
-0.0166631
-0.01646884
-0.01411739
-0.01007709
-0.004830556
0.0009926566
0.006696872
0.01159964
0.01511513
0.0166631
0.01653038
0.01426588
0.01030695
0.005128047
-0.0006519394
-0.006344967
-0.01127469
-0.01485832
-0.0166631
-0.0165141
-0.01440115
-0.01059122
-0.005539959
0.0001520514
0.005813041
0.01077582
0.0144581
0.01643121
0.01646783
0.01456998
0.01096499
0.006081038
0.0004927685
-0.005142795
-0.01016659
-0.01399076
-0.01616983
-0.01645155
-0.01480543
-0.0114247
-0.006707042
-0.001204206
0.004438985
0.009563473
0.01356715
0.01598116
0.0165202
0.01511869
0.01193781
0.007347794
0.001885132
-0.003809421
-0.009067653
-0.01326814
-0.01591302
-0.0166631
-0.01548839
-0.01245703
-0.007943287
-0.002476556
0.003297837
0.008698458
0.01308303
0.01592726
0.0166631
0.01584945
0.01292488
0.008458938
0.002978987
-0.002864567
-0.008377573
-0.0129025
-0.01589929
-0.0166631
-0.01609761
-0.01327373
-0.008872884
-0.003420393
0.002433839
0.007992614
0.01259382
0.01569231
0.0166631
0.01614084
0.01344816
0.00916936
0.003818575
-0.001963955
-0.007491709
-0.0121097
-0.01527379
-0.01661683
-0.01598879
-0.01347307
-0.009376841
-0.004192347
0.00146305
0.006921135
0.01153912
0.01477848
0.0162639
0.0158286
0.01353206
0.009648906
0.004638839
-0.0009087486
-0.006346493
-0.01104076
-0.01444539
-0.01616474
-0.01599947
-0.01396279
-0.01027644
-0.005362481
0.0002059559
0.005773884
0.01068275
0.01434623
0.01632493
0.0163768
0.01448811
0.01087498
0.005961533
0.0003269867
-0.005360447
-0.01042645
-0.01426639
-0.01642053
-0.01662903
-0.0148634
-0.01132859
-0.006442605
-0.0007831409
0.00497803
0.01015744
0.01413925
0.01644901
0.0166631
0.01518124
0.01175067
0.006925712
0.001277435
-0.00452391
-0.009791804
-0.01390126
-0.01636612
-0.0166631
-0.0154233
-0.012128
-0.007400173
-0.001799698
0.004009275
0.00933921
0.01356003
0.01617237
0.0166631
0.01556721
0.012426
0.007817679
0.002290433
-0.003500233
-0.008868816
-0.01317914
-0.01592166
-0.0166631
-0.01563587
-0.0126462
-0.008161447
-0.002715566
0.003045096
0.008436563
0.01282012
0.01567655
0.0166631
0.01568113
0.01283283
0.008464533
0.003095441
-0.002635218
-0.008048045
-0.01250076
-0.01546602
-0.01659242
-0.01574825
-0.01303624
-0.008778297
-0.003481926
0.002223815
0.007662576
0.01218954
0.0152687
0.01653546
0.01584233
0.0132722
0.009132236
0.003913162
-0.00176461
-0.007228797
-0.01183306
-0.01503224
-0.01645003
-0.01592064
-0.01350918
-0.009503975
-0.004381521
0.001250483
0.006725349
0.01139572
0.01471135
0.01628272
0.01592726
0.01369225
0.009845708
0.004845812
-0.0007129633
-0.0061741
-0.01089176
-0.01431165
-0.01603405
-0.01585962
-0.01381532
-0.01014625
-0.005290778
0.000176461
0.005611154
0.01037255
0.0139038
0.01579249
0.01582097
0.01399025
0.01051799
0.00581355
0.0004292019
-0.005005999
-0.00985893
-0.01356512
-0.01569435
-0.01599997
-0.0144459
-0.01120909
-0.006650087
-0.001288623
0.004252862
0.009325479
0.01332814
0.01578029
0.01638138
0.01504698
0.01192205
0.007365593
0.001911067
-0.003796708
-0.009080366
-0.01330577
-0.01596234
-0.0166631
-0.01549195
-0.01240414
-0.007822256
-0.002289924
0.003533288
0.008950181
0.01331085
0.01608999
0.0166631
0.01578741
0.01273672
0.008161956
0.002609792
-0.003254612
-0.008731004
-0.01316389
-0.01602489
-0.0166631
-0.01590234
-0.01293962
-0.008443682
-0.00295356
0.002874229
0.008346553
0.01281402
0.01574927
0.0166631
0.0158764
0.01306727
0.008720834
0.003357335
-0.00238502
-0.007828358
-0.0123304
-0.0153638
-0.01657665
-0.01583165
-0.01322237
-0.009061042
-0.003841459
0.001820548
0.007259818
0.01183662
0.01501546
0.0164246
0.01589979
0.01350359
0.009516687
0.004407456
-0.001225056
-0.006720264
-0.01143233
-0.01480543
-0.01644087
-0.01614186
-0.01393787
-0.01008268
-0.005025832
0.0006407517
0.006251397
0.01114349
0.01473525
0.01659801
0.01650291
0.01445302
0.01068377
0.005633529
-0.0001027237
-0.00584813
-0.01091973
-0.01471186
-0.0166631
-0.0166631
-0.01491121
-0.01120451
-0.00615681
-0.0003676694
0.005474867
0.01067462
0.01460965
0.0166631
0.0166631
0.01518276
0.01155082
0.006545838
0.0007668678
-0.005094992
-0.01034204
-0.01434775
-0.01663818
-0.0166631
-0.01523362
-0.01171864
-0.006823496
-0.001135554
0.004664774
0.009889951
0.01392109
0.0162873
0.0166631
0.01517005
0.01184068
0.007131667
0.001605947
-0.004081486
-0.00926293
-0.01333526
-0.01583063
-0.01646884
-0.01518887
-0.01215394
-0.007726143
-0.002416041
0.003164601
0.008370454
0.01259738
0.01535363
0.01631577
0.01536939
0.01262179
0.008391812
0.003171721
-0.002427228
-0.007749027
-0.01216665
-0.01515784
-0.01636714
-0.01564705
-0.01307794
-0.008959335
-0.003772807
0.001870385
0.007305586
0.01188849
0.01507597
0.01648817
0.0159537
0.01353308
0.009508551
0.004353552
-0.001323203
-0.006851466
-0.01157675
-0.01493968
-0.01654055
-0.01618864
-0.01392465
-0.01001454
-0.004920566
0.0007556801
0.006342933
0.0111801
0.0146961
0.01647393
0.01630509
0.01420892
0.0104351
0.005430116
-0.0002125668
-0.005825246
-0.01074378
-0.0143864
-0.01632289
-0.01632442
-0.01439301
-0.01075853
-0.005853215
-0.0002583348
0.005361464
0.01034102
0.01408993
0.01616372
0.01631781
0.01453489
0.01102652
0.006210206
0.0006570247
-0.004972436
-0.01001149
-0.01386159
-0.01606507
-0.01636002
-0.01471135
-0.01131384
-0.006569738
-0.001041476
0.004614938
0.009728746
0.01369327
0.01603608
0.0164785
0.01496664
0.01167694
0.006997923
0.001483391
-0.004214213
-0.009420066
-0.01351732
-0.01601828
-0.01662598
-0.01526667
-0.01209851
-0.007496286
-0.002002603
0.003732124
0.009029513
0.01326254
0.0159298
0.0166631
0.01552297
0.01249618
0.007992614
0.002545208
-0.003200707
-0.00856573
-0.01291471
-0.015733
-0.0166631
-0.01566943
-0.01279825
-0.008417239
-0.00304713
0.002675392
0.008072454
0.01250585
0.0154533
0.01656902
0.01572537
0.01302658
0.008796604
0.00353939
-0.002122108
-0.00751917
-0.01201714
-0.01509021
-0.01638341
-0.01575283
-0.01328237
-0.009270557
-0.004194889
0.001356766
0.006743657
0.01134283
0.01461727
0.01618457
0.01585555
0.01366225
0.009855371
0.00487429
-0.00070025
-0.006214783
-0.01101788
-0.01453845
-0.01635188
-0.01623492
-0.01419112
-0.01045188
-0.005454017
0.000214601
0.005881693
0.01087295
0.0145888
0.01658174
0.01660665
0.0146544
0.01095228
0.005938649
0.0002084985
-0.005552164
-0.01065682
-0.0144937
-0.0166036
-0.0166631
-0.01486951
-0.01123502
-0.006266653
-0.0005598949
0.005201784
0.01033187
0.01421858
0.01640223
0.01662751
0.01487357
0.01135554
0.006498544
0.0008833219
-0.004818859
-0.009933176
-0.01385549
-0.01612558
-0.01648206
-0.01488985
-0.01154319
-0.006842821
-0.001346596
0.004297104
0.009426678
0.01344155
0.01587488
0.01644698
0.01509479
0.01198002
0.007468825
0.002088545
-0.003532779
-0.0087427
-0.01293556
-0.01562519
-0.01649986
-0.01545686
-0.01261772
-0.008310956
-0.003034417
0.002599112
0.007936167
0.01235583
0.01534244
0.01654461
0.01581945
0.01324627
0.009120541
0.003921807
-0.001744777
-0.007216593
-0.01184984
-0.01509682
-0.01657106
-0.01609253
-0.01371056
-0.009700268
-0.004531538
0.001186408
0.00677722
0.01157421
0.01500274
0.01664937
0.0163112
0.01402127
0.01004658
0.004857508
-0.0009265472
-0.006616015
-0.0115259
-0.01506478
-0.0166631
-0.01652732
-0.01426537
-0.01028457
-0.005059904
0.0007821238
0.006541261
0.01152488
0.01513293
0.0166631
0.0166631
0.01447743
0.01052002
0.005307051
-0.0005344682
-0.00630581
-0.01131639
-0.0149702
-0.0166631
-0.0166631
-0.01458524
-0.01075751
-0.005681331
3.102052E-05
0.005707266
0.01068682
0.0143925
0.01639612
0.01646986
0.01460863
0.01103415
0.006167489
0.0005797277
-0.005073634
-0.01012896
-0.0139928
-0.01621
-0.01651817
-0.01488019
-0.01148573
-0.006732977
-0.001180305
0.004518316
0.009692132
0.01372887
0.0161505
0.0166631
0.01521836
0.01196985
0.007303552
0.001769695
-0.003977746
-0.009260387
-0.01345223
-0.01605642
-0.0166631
-0.01548839
-0.01238075
-0.007807508
-0.002309249
0.003462602
0.008825591
0.01314456
0.01590691
0.0166631
0.01567706
0.01271129
0.008239761
0.002792864
-0.002984581
-0.008408085
-0.01283537
-0.01574164
-0.0166631
-0.01583623
-0.01301285
-0.008648622
-0.003260205
0.002513679
0.007990072
0.01252008
0.01556721
0.0166631
0.01599082
0.01331746
0.009069687
0.003749414
-0.002011248
-0.007532392
-0.01216004
-0.01534753
-0.0166631
-0.01611134
-0.01360021
-0.009483124
-0.004248794
0.001482882
0.007034538
0.01174864
0.01506885
0.0166036
0.01617339
0.01383057
0.009854354
0.004716136
-0.0009748579
-0.006545329
-0.01133673
-0.01478204
-0.01647495
-0.0162161
-0.01403653
-0.01019507
-0.005146354
0.0005115843
0.006110025
0.01098584
0.01456134
0.01641341
0.01632137
0.01429436
0.01057088
0.005590304
-5.898983E-05
-0.005710826
-0.01069445
-0.01441996
-0.01644392
-0.01652427
-0.0146483
-0.01103415
-0.006106465
-0.0004470006
0.005276539
0.01038679
0.01427757
0.01648664
0.0166631
0.01503478
0.01154065
0.006680599
0.001029271
-0.004744105
-0.00995606
-0.01398873
-0.0163651
-0.0166631
-0.01526159
-0.01192052
-0.007184046
-0.001620186
0.004105387
0.009319377
0.01341663
0.01592573
0.01655936
0.01524938
0.01215241
0.007632064
0.002216187
-0.003460567
-0.00873609
-0.01299048
-0.01572333
-0.01661072
-0.01554382
-0.01264213
-0.008241795
-0.002855922
0.002882365
0.008297734
0.01274892
0.01570554
0.0166631
0.0159298
0.01315728
0.008816438
0.003417342
-0.002400276
-0.007946846
-0.01256127
-0.0156918
-0.0166631
-0.0162161
-0.01353969
-0.009249199
-0.003853664
0.002003112
0.007623928
0.01233701
0.01558044
0.0166631
0.01633306
0.01375531
0.009543131
0.004202009
-0.001629848
-0.007256767
-0.0120085
-0.01532058
-0.0166631
-0.01628526
-0.01383413
-0.009747562
-0.004516791
0.001232684
0.006816885
0.0115737
0.01494223
0.01652885
0.01615203
0.01386363
0.009942838
0.004857508
-0.000785175
-0.00631954
-0.01109111
-0.01454049
-0.01626492
-0.01606659
-0.01397449
-0.01023931
-0.005304508
0.0002466385
0.00576168
0.01059224
0.01417231
0.01608388
0.01610372
0.0142313
0.01068835
0.005890338
0.000400724
-0.005136184
-0.0100715
-0.013826
-0.01595878
-0.01621814
-0.01457202
-0.01121265
-0.006532107
-0.001079107
0.004506112
0.009567033
0.01350715
0.01586064
0.0163473
0.01490612
0.01170338
0.00711336
0.001675108
-0.003970118
-0.009156646
-0.01326966
-0.01581945
-0.01650088
-0.01522802
-0.01214733
-0.007619859
-0.002178556
0.003532779
0.008837287
0.01310439
0.01582504
0.0166631
0.01554128
0.01256433
0.008091269
0.002652508
-0.003105103
-0.008497079
-0.01288013
-0.01573096
-0.0166631
-0.01569994
-0.01282368
-0.008427918
-0.003042045
0.002686072
0.00806686
0.01245804
0.01534854
0.01640934
0.01552602
0.01281351
0.008599294
0.003384796
-0.002213644
-0.007539511
-0.0119668
-0.01497884
-0.01622424
-0.01555806
-0.01306065
-0.009025953
-0.003927909
0.001634425
0.007007077
0.01155692
0.01474695
0.01619932
0.0157391
0.01341764
0.009504483
0.004458818
-0.001125384
-0.006589571
-0.01128587
-0.01465643
-0.01629848
-0.01601167
-0.01382549
-0.009993692
-0.004965317
0.0006646527
0.006232073
0.01107483
0.01461778
0.01643731
0.01631323
0.01425723
0.01050884
0.005510464
-0.0001479831
-0.005796768
-0.01076615
-0.01446777
-0.01646223
-0.01651207
-0.01461117
-0.01098482
-0.006062223
-0.0004251336
0.00525874
0.01031814
0.01415553
0.01631832
0.01655275
0.0148334
0.01136521
0.006560076
0.0009860456
-0.00469732
-0.009820282
-0.01377972
-0.01610931
-0.01653648
-0.01501342
-0.01172118
-0.007049285
-0.0015495
0.004129797
0.009321411
0.01341408
0.01592675
0.01656445
0.01525345
0.01214784
0.00761274
0.002182115
-0.003506335
-0.0087844
-0.01303167
-0.01574876
-0.0166153
-0.01552907
-0.01261671
-0.00821942
-0.002853379
0.002851345
0.008223996
0.01263196
0.01555603
0.01664988
0.01578232
0.01305404
0.008782875
0.003471247
-0.002255853
-0.007725126
-0.0122887
-0.01540753
-0.0166631
-0.01603812
-0.01346799
-0.009300052
-0.004023005
0.0017402
0.007309654
0.01202426
0.01532312
0.0166631
0.01631171
0.01387431
0.009786719
0.004530013
-0.00127235
-0.006932322
-0.01177356
-0.01521836
-0.0166631
-0.01647596
-0.01413315
-0.01010099
-0.004861576
0.0009550251
0.006649069
0.0115315
0.0150119
0.0166631
0.01635595
0.01408077
0.01013862
0.005004982
-0.0007063524
-0.006318015
-0.01116688
-0.01468237
-0.01645562
-0.0162817
-0.01418705
-0.0104234
-0.005438252
0.0001790036
0.005766765
0.01066648
0.014303
0.01624916
0.01627764
0.01438793
0.01080277
0.005946277
0.0003905534
-0.005207887
-0.01019049
-0.01396991
-0.01609965
-0.01632849
-0.01462999
-0.01120349
-0.006453793
-0.0009412947
0.004683081
0.00975519
0.01367547
0.01598065
0.01639765
0.01487713
0.01159811
0.006948087
0.001477289
-0.004167937
-0.009320394
-0.01337086
-0.01583979
-0.0164363
-0.0150897
-0.01196019
-0.007417972
-0.002000569
0.003650759
0.008868308
0.01303523
0.01566027
0.01643325
0.01526413
0.01229277
0.007871583
0.002523849
-0.003117816
-0.008387236
-0.01266298
-0.01543957
-0.01639104
-0.01540652
-0.01260399
-0.008314515
-0.003046113
0.002578771
0.00789701
0.01228107
0.01521429
0.01635188
0.01555959
0.01293149
0.008778297
0.003589735
-0.002022436
-0.007398647
-0.01190476
-0.01500986
-0.01634934
-0.01576402
-0.01332357
-0.009313783
-0.004207094
0.00139694
0.006839769
0.01148064
0.0147739
0.01633103
0.01596845
0.01372785
0.009871135
0.004850897
-0.0007429668
-0.006252923
-0.0110311
-0.01451353
-0.01628882
-0.01614542
-0.01409806
-0.01038374
-0.005437744
0.0001586623
0.005747441
0.01066953
0.01434165
0.01632696
0.01638544
0.01450489
0.01090142
0.005995096
0.0003625841
-0.005330443
-0.01041018
-0.01426944
-0.01644545
-0.0166631
-0.01491121
-0.01136724
-0.00645481
-0.0007566972
0.005046682
0.01025864
0.01424503
0.01651715
0.0166631
0.01507648
0.01154879
0.006647035
0.0009611275
-0.004828013
-0.01003132
-0.01403195
-0.01635697
-0.0166631
-0.01512835
-0.01173033
-0.006949613
-0.001355241
0.004387623
0.009600087
0.0136653
0.01610524
0.01663412
0.01519192
0.01195256
0.007302026
0.001791053
-0.003926892
-0.009177496
-0.01333933
-0.01592166
-0.01662089
-0.01535566
-0.0122765
-0.00774801
-0.002306197
0.003405646
0.008714222
0.01299149
0.015733
0.01661581
0.01553619
0.01262281
0.008219928
0.002847785
-0.002857956
-0.008225014
-0.01261823
-0.01551941
-0.01658682
-0.01569384
-0.01294725
-0.008671505
-0.003371066
0.002326539
0.007750044
0.01225921
0.01532159
0.01657563
0.01587437
0.01330119
0.009160206
0.003941131
-0.0017402
-0.00721405
-0.01183407
-0.01505563
-0.01649986
-0.01599845
-0.0136114
-0.009621954
-0.004503569
0.001139623
0.006640424
0.01135046
0.0147144
0.01633612
0.01602642
0.01382447
0.009991658
0.004982607
-0.0006092226
-0.006124264
-0.01091109
-0.01440522
-0.01619627
-0.01607422
-0.01405585
-0.01038018
-0.005483003
5.644717E-05
0.005586744
0.01045544
0.01408993
0.01606354
0.01614542
0.01432741
0.01082514
0.006052052
0.0005705741
-0.00497447
-0.009932668
-0.01372022
-0.01589268
-0.01619627
-0.01459439
-0.01127519
-0.006627711
-0.001197595
0.00437847
0.00944651
0.01341053
0.01580368
0.0163412
0.01495647
0.01180712
0.007258801
0.00184089
-0.003811964
-0.009036632
-0.01321576
-0.0158525
-0.01662852
-0.01544262
-0.01242448
-0.007918877
-0.002451638
0.00333496
0.008755922
0.01316236
0.01601777
0.0166631
0.01588098
0.01289792
0.008370963
0.002842191
-0.003027806
-0.008539287
-0.01303523
-0.01598014
-0.0166631
-0.01605134
-0.01317406
-0.008738124
-0.003273427
0.002570635
0.008100932
0.01266146
0.01571418
0.0166631
0.01608185
0.01335916
0.009059008
0.00369195
-0.002103293
-0.007642235
-0.01226938
-0.01543805
-0.0166631
-0.01613067
-0.01357783
-0.009424643
-0.00416336
0.001581538
0.007131159
0.0118295
0.01512326
0.01662496
0.01616016
0.01378684
0.009787227
0.004637313
-0.001052663
-0.00661093
-0.01137944
-0.01479526
-0.01645613
-0.01616728
-0.01396381
-0.0101076
-0.005055835
0.0005929496
0.006171049
0.01101737
0.0145593
0.01637629
0.01625323
0.01420333
0.01046968
0.005492157
-0.0001393381
-0.005760154
-0.0107036
-0.01438386
-0.01636459
-0.01640934
-0.0145115
-0.01089481
-0.005985943
-0.0003656353
0.00530044
0.01034204
0.01416214
0.01630713
0.01652326
0.01478509
0.01129859
0.006476677
0.0008914584
-0.00479445
-0.009909275
-0.01384735
-0.01614338
-0.01652783
-0.01495748
-0.01162252
-0.006919609
-0.001408128
0.004257439
0.009407353
0.01343392
0.0158642
0.01641392
0.01502461
0.01186509
0.007314231
0.001912593
-0.003699069
-0.008859155
-0.01295996
-0.01552246
-0.01624916
-0.0150597
-0.01210004
-0.007723092
-0.002446553
0.003106629
0.008285529
0.01248245
0.01520819
0.01614491
0.01518632
0.01244635
0.008247389
0.003081202
-0.002447061
-0.00769258
-0.01204054
-0.01498189
-0.01617033
-0.01546144
-0.01293403
-0.008876445
-0.003758059
0.001824617
0.007220152
0.01179237
0.01499613
0.01644087
0.01593285
0.01352291
0.00949177
0.004316429
-0.001386261
-0.006938425
-0.01167694
-0.0150358
-0.01661377
-0.01622119
-0.0139038
-0.009936736
-0.00479089
0.0009204448
0.00652092
0.01134385
0.01481764
0.01652987
0.01627865
0.01409552
0.01024033
0.00517229
-0.0005059904
-0.006121721
-0.0110072
-0.01458524
-0.01643121
-0.01632798
-0.01428927
-0.01055715
-0.005574031
6.865196E-05
0.005705232
0.0106675
0.01437013
0.01637527
0.01644748
0.01457761
0.01098686
0.006098837
0.0004897173
-0.005179918
-0.01024236
-0.01410111
-0.01630204
-0.01658479
-0.01491629
-0.01149132
-0.006713145
-0.001142165
0.004565101
0.009738408
0.01376802
0.01617847
0.0166631
0.01522446
0.01196833
0.007298975
0.001765118
-0.003980797
-0.009260896
-0.01345019
-0.01605185
-0.0166631
-0.01547517
-0.01235888
-0.007773945
-0.002261447
0.003524643
0.008897803
0.01321881
0.01597099
0.0166631
0.01567553
0.01265739
0.008126867
0.002623522
-0.003197147
-0.008641502
-0.0130576
-0.0159181
-0.0166631
-0.01582555
-0.01288216
-0.008399949
-0.00291542
0.002916437
0.008399441
0.01287809
0.01581843
0.0166631
0.01591556
0.01306574
0.008665912
0.003243424
-0.002554361
-0.008037365
-0.01255517
-0.01557433
-0.0166631
-0.01592726
-0.01323305
-0.008986288
-0.003694493
0.002012265
0.007461197
0.01201104
0.0151314
0.01646223
0.01585708
0.01339476
0.00937379
0.004270661
-0.001312015
-0.006722298
-0.01132859
-0.01459693
-0.01615152
-0.01581487
-0.01363123
-0.009856388
-0.004930228
0.0005741338
0.006019506
0.01077276
0.01428012
0.01613016
0.01609812
0.01416722
0.0105546
0.00568184
0.0001205223
-0.005471816
-0.01043408
-0.0141779
-0.01625628
-0.01642104
-0.01464982
-0.01114755
-0.006327168
-0.0007556801
0.004909378
0.009999285
0.01391346
0.01618813
0.01655428
0.01496613
0.01161133
0.006882995
0.001339476
-0.004365756
-0.009560421
-0.01363021
-0.01609354
-0.01665853
-0.0152565
-0.01205071
-0.007417972
-0.001903439
0.003841967
0.009140882
0.01336628
0.01601777
0.0166631
0.0155606
0.01250076
0.007959051
0.002471471
-0.00331411
-0.008715748
-0.0130932
-0.01592726
-0.0166631
-0.0158408
-0.01292691
-0.00848284
-0.003032891
0.002777099
0.008260102
0.01276672
0.01576249
0.0166631
0.01602184
0.01325491
0.008919161
0.003530236
-0.002272126
-0.00779988
-0.01239651
-0.01551687
-0.0166631
-0.01607015
-0.01344104
-0.009218179
-0.003906042
0.001862248
0.00740119
0.01205122
0.01526006
0.01664683
0.01604879
0.01353969
0.009419558
0.004181159
-0.001550009
-0.007092002
-0.01178475
-0.01506885
-0.0165558
-0.01606863
-0.01366683
-0.009638227
-0.004462378
0.001243363
0.006801121
0.0115498
0.01492443
0.01652631
0.01616474
0.01388499
0.009958094
0.004851914
-0.0008268747
-0.006405991
-0.01122383
-0.01471135
-0.01645664
-0.01625679
-0.01413773
-0.01035322
-0.005353327
0.000269014
0.005850673
0.01073259
0.01434114
0.01625475
0.01625221
0.01433809
0.01074276
0.005892881
0.0003610585
-0.005200767
-0.01014117
-0.01388143
-0.01598574
-0.01621051
-0.01453184
-0.01114908
-0.006457861
-0.001007404
0.00456561
0.009612292
0.01354325
0.01589776
0.01639816
0.01497833
0.01178424
0.007180487
0.001706128
-0.003992493
-0.00923852
-0.01340442
-0.01598879
-0.0166631
-0.01538363
-0.01225412
-0.007660033
-0.002147535
0.003625332
0.008968998
0.01324373
0.01593692
0.0166631
0.01551687
0.01245448
0.007906672
0.002418075
-0.00335225
-0.008715748
-0.01303065
-0.01578487
-0.01665141
-0.01553162
-0.01256433
-0.00810856
-0.002698785
0.003017635
0.008360792
0.01269654
0.01551382
0.0164841
0.01549958
0.01268383
0.008377573
0.003094932
-0.002535546
-0.007849717
-0.01222208
-0.01514208
-0.01627102
-0.01548331
-0.01287809
-0.00876711
-0.00363652
0.001908016
0.007218627
0.01167236
0.01475102
0.01609711
0.01555501
0.01319135
0.009282762
0.004286934
-0.001211834
-0.006571773
-0.01116535
-0.01445505
-0.01605286
-0.0157691
-0.01363225
-0.009887917
-0.004969893
0.0005476901
0.006019506
0.01080124
0.01432792
0.01617694
0.01612355
0.01416366
0.01051951
0.005613188
1.881572E-05
-0.005603526
-0.01058867
-0.01434063
-0.0164068
-0.01653241
-0.01469355
-0.01109924
-0.006169015
-0.0004851405
0.005276539
0.01043052
0.01435741
0.01658479
0.0166631
0.01509123
0.01153963
0.006608387
0.0008848475
-0.004945992
-0.01018795
-0.01421401
-0.01654309
-0.0166631
-0.01524277
-0.01177559
-0.006916049
-0.001248449
0.004547811
0.009782142
0.01383312
0.01622271
0.0166631
0.01514818
0.01183204
0.007131667
0.001612558
-0.004066739
-0.009234452
-0.01328237
-0.01574062
-0.01633001
-0.01499359
-0.01190018
-0.007423057
-0.002094139
0.003459042
0.008589632
0.01270265
0.01532617
0.01616271
0.01512276
0.01232989
0.008097372
0.00291186
-0.002622505
-0.007860395
-0.01218649
-0.0150897
-0.01622627
-0.01545686
-0.01286792
-0.00875999
-0.003613636
0.00196548
0.007321859
0.01182085
0.01493104
0.01628221
0.01571113
0.01328288
0.009281745
0.004178108
-0.001425418
-0.006868247
-0.01150556
-0.01478865
-0.01632747
-0.01593844
-0.0136653
-0.009775531
-0.004727832
0.0008817963
0.006391752
0.01114959
0.01459286
0.01631323
0.01610728
0.01399839
0.01023524
0.005261283
-0.0003341062
-0.005890847
-0.01075191
-0.01434165
-0.01623492
-0.01620797
-0.01426333
-0.01063088
-0.005740321
-0.0001703586
0.005419437
0.01036746
0.01408738
0.01613779
0.01627458
0.014482
0.01097058
0.006156301
0.0006102397
-0.005010576
-0.01003997
-0.0138799
-0.01607371
-0.01635951
-0.0147022
-0.01129655
-0.006545329
-0.001011981
0.004647484
0.0097618
0.01372226
0.01605744
0.01648766
0.01496003
0.01165303
0.006957749
0.001429486
-0.004276255
-0.009482107
-0.01357071
-0.01605388
-0.01663615
-0.01524582
-0.01204562
-0.007413903
-0.001898354
0.003847053
0.009142407
0.01335815
0.01599489
0.0166631
0.0155006
0.01242702
0.007882771
0.002406379
-0.003352758
-0.008712697
-0.01303879
-0.01581843
-0.0166631
-0.01565061
-0.01272807
-0.008304344
-0.002906266
0.002824393
0.008210266
0.01261365
0.01551534
0.01657716
0.01567706
0.01292742
0.008658283
0.003379202
-0.002283822
-0.007661559
-0.01212139
-0.01514005
-0.01636815
-0.01566689
-0.01312575
-0.009049854
-0.003921298
0.001654767
0.007026401
0.01156811
0.01475356
0.01621763
0.01579605
0.01354427
0.009726203
0.004774109
-0.0007429668
-0.006187322
-0.01092431
-0.01439657
-0.0161922
-0.01609202
-0.01409959
-0.01044018
-0.005536908
3.661438E-05
0.005625393
0.01056884
0.01427859
0.01631018
0.01641596
0.01457507
0.01099855
0.006104939
0.0004703931
-0.005237382
-0.01034153
-0.01423282
-0.01644545
-0.0166631
-0.01499308
-0.01149081
-0.00661754
-0.0009489227
0.004842252
0.01006794
0.0141062
0.01647495
0.0166631
0.0153043
0.01190018
0.00708234
0.001422367
-0.004406439
-0.009712981
-0.01386566
-0.01637222
-0.0166631
-0.01548636
-0.01220073
-0.007468825
-0.00185462
0.003975203
0.009327005
0.01356563
0.01618763
0.0166631
0.01557128
0.01240973
0.007776488
0.002223307
-0.003586684
-0.00896442
-0.01327017
-0.01599184
-0.0166631
-0.01562468
-0.01258314
-0.008047028
-0.002557413
0.003231728
0.008632349
0.01300217
0.01582301
0.0166631
0.01570503
0.012783
0.008343502
0.002914911
-0.002857447
-0.008289088
-0.01273469
-0.0156679
-0.0166631
-0.01582911
-0.01304031
-0.008707103
-0.003343605
0.002413498
0.007883788
0.01241889
0.01548229
0.0166631
0.01596743
0.01333425
0.009127151
0.003844001
-0.001888692
-0.007394071
-0.01202172
-0.01522548
-0.01662903
-0.01606812
-0.0136119
-0.009552794
-0.00437135
0.001317609
0.006844346
0.0115554
0.01489646
0.01647545
0.01610982
0.01384481
0.009951483
0.00489158
-0.0007358473
-0.006268687
-0.01105398
-0.01453032
-0.01629187
-0.01613423
-0.01408026
-0.0103756
-0.005458085
9.204448E-05
0.005624884
0.01049155
0.01412552
0.01610575
0.01620593
0.01442047
0.01096296
0.006239192
0.0007897518
-0.004759361
-0.009767395
-0.01364903
-0.01594658
-0.01638341
-0.01489697
-0.01164998
-0.007013688
-0.001525091
0.004172005
0.009406844
0.01355546
0.01611846
0.0166631
0.0154533
0.01227955
0.007627996
0.002043794
-0.003811455
-0.009241572
-0.01359563
-0.01634781
-0.0166631
-0.01593743
-0.01280791
-0.00814314
-0.00249588
0.003461076
0.009017817
0.01350969
0.01639917
0.0166631
0.01622068
0.01317304
0.008562171
0.002938304
-0.003025772
-0.008621161
-0.01318067
-0.01616525
-0.0166631
-0.01623288
-0.01332001
-0.008835762
-0.003319195
0.002571143
0.00813602
0.01271536
0.01577063
0.0166631
0.01611033
0.01337086
0.009060025
0.003694493
-0.002086003
-0.007596975
-0.01218852
-0.01532058
-0.01663005
-0.01596845
-0.0134212
-0.009295984
-0.004084029
0.001595777
0.007072678
0.01170135
0.01493663
0.01640172
0.01592624
0.0135697
0.009612801
0.004524419
-0.001094872
-0.006581435
-0.01128943
-0.01466253
-0.01630408
