0.3514709
0.2946167
0.3185425
0.3132324
0.3135986
0.3006592
0.3371887
0.3040161
0.2601318
0.3066101
0.2891541
0.2846375
0.2961121
0.292511
0.234436
0.2878418
0.2825012
0.2731628
0.3038025
0.282959
0.2878723
0.2907715
0.2940979
0.2903137
0.3009949
0.287384
0.2773132
0.2849426
0.2371826
0.2731934
0.2392273
0.2647705
0.2923279
0.2716064
0.2691956
0.2860718
0.18927
0.2732239
0.2436829
0.252533
0.2844849
0.2681885
0.2533264
0.2760315
0.2088013
0.2652283
0.2634888
0.2536011
0.2610474
0.266449
0.1853638
0.2584229
0.2518005
0.2352295
0.2435303
0.2519531
0.2167969
0.2401733
0.2654724
0.2315063
0.2364197
0.2409973
0.2402039
0.2309265
0.2605896
0.2320557
0.2105103
0.2331238
0.1937866
0.2168274
0.2029114
0.2014465
0.2279663
0.1987305
0.2306519
0.2028198
0.2319031
0.2039185
0.2225647
0.1972046
0.2011414
0.1960144
0.1835632
0.1878967
0.1868896
0.1816101
0.192627
0.1777649
0.197876
0.175415
0.1641541
0.1780701
0.1527405
0.1600342
0.1853333
0.159668
0.1332397
0.1594238
0.1430969
0.1432495
0.1748352
0.1514587
0.141449
0.1566467
0.1625366
0.144165
0.1522217
0.1471863
0.1112976
0.1362
0.1756287
0.1247559
0.08187866
0.1385498
0.05355835
0.100708
0.1708374
0.1032104
0.04324341
0.1247864
0.1025696
0.08105469
0.1849976
0.1030884
0.0322876
0.1123657
0.11026
0.07833862
0.1127319
0.1006165
0.02249146
0.08810425
0.09555054
0.06314087
0.06072998
0.0798645
0.04309082
0.05874634
0.08383179
0.056427
0.006072998
0.06417847
0.01196289
0.03796387
0.06762695
0.04733276
0.04501343
0.05844116
0.01699829
0.04730225
0.01553345
0.03555298
0.03866577
0.03442383
0.01660156
0.02905273
0.007598877
0.0173645
0.03689575
0.01412964
0.05245972
0.01907349
0.01757813
0.01953125
-0.02807617
0.003631592
-0.02850342
-0.007965088
0.02880859
-0.004669189
-0.01339722
0.009216309
-0.02362061
-0.01092529
0.019104
-0.01257324
-0.07241821
-0.01077271
-0.04702759
-0.04138184
0.006378174
-0.03302002
-0.005462646
-0.02539063
-0.06524658
-0.03460693
-0.02706909
-0.05685425
0.007568359
-0.04324341
-0.148468
-0.0435791
-0.1124878
-0.09152222
-0.05203247
-0.07714844
-0.08792114
-0.0657959
-0.04885864
-0.07727051
-0.06387329
-0.06851196
-0.08630371
-0.07931519
-0.07241821
-0.08807373
-0.131897
-0.0824585
-0.1446533
-0.1020203
-0.09863281
-0.1051025
-0.1277466
-0.09753418
-0.1185303
-0.1060791
-0.1321411
-0.1006775
-0.1658325
-0.1158142
-0.09680176
-0.1228333
-0.1035767
-0.104126
-0.1672058
-0.1147461
-0.1465759
-0.1336365
-0.135376
-0.1308899
-0.1219177
-0.1297607
-0.1349487
-0.1326904
-0.1765747
-0.1436462
-0.149231
-0.1555481
-0.1469727
-0.1535034
-0.2036133
-0.1565247
-0.2073364
-0.1689148
-0.1965332
-0.1759033
-0.2018738
-0.1764221
-0.1945496
-0.1816711
-0.2376099
-0.1860962
-0.2032471
-0.2007141
-0.1636658
-0.188385
-0.2775269
-0.1873474
-0.2626343
-0.2280579
-0.1874084
-0.2198181
-0.2111206
-0.2086792
-0.2277222
-0.217865
-0.2784424
-0.2292786
-0.2966919
-0.2486572
-0.2828064
-0.2530518
-0.2838745
-0.2515564
-0.2679749
-0.2524719
-0.2501221
-0.2539673
-0.2421265
-0.2532959
-0.257019
-0.2595215
-0.2892456
-0.2660217
-0.3173218
-0.277771
-0.306427
-0.2926331
-0.2961121
-0.291626
-0.2971802
-0.2930298
-0.2818604
-0.2979431
-0.3389893
-0.3026123
-0.3276978
-0.3205261
-0.2807617
-0.3128052
-0.3505859
-0.3076172
-0.3554077
-0.3366089
-0.2962952
-0.335083
-0.2812805
-0.3200684
-0.3530273
-0.3238831
-0.372345
-0.3449402
-0.3309937
-0.3504639
-0.3461914
-0.3406067
-0.3545837
-0.3500671
-0.3486328
-0.3547363
-0.3431396
-0.3549194
-0.3456421
-0.3626099
-0.3363342
-0.368988
-0.3459167
-0.3681946
-0.3842468
-0.3769531
-0.4448242
-0.3939819
-0.3933105
-0.4061279
-0.326355
-0.3896484
-0.4317932
-0.3840942
-0.4028015
-0.4170837
-0.367157
-0.4036865
-0.4547119
-0.4010315
-0.4110107
-0.4225464
-0.4639282
-0.4093933
-0.494812
-0.4358826
-0.3727112
-0.4357605
-0.4823914
-0.4072876
-0.5126953
-0.4454041
-0.4173889
-0.4477844
-0.4691467
-0.4285583
-0.4761658
-0.443634
-0.4732056
-0.4496155
-0.4735413
-0.449707
-0.4747925
-0.4472351
-0.4848022
-0.4544067
-0.4910583
-0.460083
-0.4918518
-0.4691467
-0.4850159
-0.4763184
-0.4685364
-0.4747925
-0.4699097
-0.468689
-0.5445862
-0.4729309
-0.5105591
-0.4945068
-0.4753418
-0.4837341
-0.5207214
-0.479187
-0.4864197
-0.4909363
-0.4799805
-0.487793
-0.5079041
-0.4916687
-0.5271301
-0.5002747
-0.5399475
-0.5054016
-0.5360413
-0.5052795
-0.540863
-0.5038452
-0.547821
-0.5069275
-0.541626
-0.5152283
-0.5429688
-0.5139771
-0.5692749
-0.5195313
-0.5591736
-0.5326843
-0.5704041
-0.5279541
-0.5881958
-0.5332947
-0.553772
-0.5368042
-0.5790405
-0.5306702
-0.5894775
-0.5459595
-0.5677185
-0.5464478
-0.5933838
-0.5437317
-0.584259
-0.5592041
-0.5811157
-0.5565186
-0.6049194
-0.5585938
-0.5811157
-0.5682373
-0.5759583
-0.5646362
-0.5958252
-0.5620422
-0.5841064
-0.5700989
-0.5792236
-0.5731506
-0.5856628
-0.571991
-0.5889893
-0.5785828
-0.6185608
-0.5861511
-0.5628967
-0.5928345
-0.5243225
-0.5774231
-0.6087341
-0.5732117
-0.6032104
-0.5970154
-0.5917358
-0.5944824
-0.6074829
-0.591217
-0.6125488
-0.6033325
-0.6176758
-0.6036682
-0.6087646
-0.6073303
-0.6134949
-0.6157532
-0.5923157
-0.615448
-0.6087646
-0.6109314
-0.6269226
-0.6173096
-0.6181641
-0.625
-0.6059265
-0.6221924
-0.6191406
-0.6208496
-0.6439819
-0.6324768
-0.5992432
-0.6383667
-0.6612854
-0.6271973
-0.6748352
-0.6511536
-0.5666809
-0.651001
-0.6358337
-0.6228943
-0.6676941
-0.6491089
-0.6332092
-0.6494446
-0.6582031
-0.6402588
-0.6314697
-0.6477966
-0.6462097
-0.6364136
-0.6923828
-0.6466064
-0.6741943
-0.6573486
-0.6637878
-0.6488953
-0.6603699
-0.6505737
-0.6450195
-0.6533813
-0.6574097
-0.6501465
-0.6531982
-0.6543884
-0.6582031
-0.6520691
-0.67453
-0.6561584
-0.6582642
-0.6612549
-0.6528931
-0.6581726
-0.6610107
-0.6561279
-0.6950378
-0.6604004
-0.6163635
-0.6679688
-0.5744324
-0.6364136
-0.6830139
-0.6344604
-0.702179
-0.6677551
-0.6621704
-0.6661987
-0.6428528
-0.6577454
-0.6643066
-0.6535645
-0.6485596
-0.6582947
-0.652771
-0.655304
-0.6844788
-0.6534424
-0.6722717
-0.6584167
-0.6124878
-0.6582031
-0.6134644
-0.646637
-0.7013245
-0.6488037
-0.6425781
-0.6715088
-0.6075745
-0.6532288
-0.6557007
-0.6496582
-0.6470337
-0.6594543
-0.6690369
-0.658783
-0.660675
-0.6699829
-0.6362305
-0.6637573
-0.6543579
-0.6641235
-0.6835022
-0.6691895
-0.6755676
-0.6782837
-0.6259155
-0.6717224
-0.6750488
-0.6599426
-0.7010498
-0.6745605
-0.6510925
-0.6754456
-0.6440125
-0.6643066
-0.6462708
-0.6634216
-0.6456909
-0.6656494
-0.6254883
-0.6652832
-0.6565247
-0.668396
-0.6589355
-0.6772461
-0.6384277
-0.6760864
-0.6781616
-0.6707153
-0.6197205
-0.6835938
-0.6209717
-0.6682739
-0.6677856
-0.6694946
-0.5915527
-0.6857605
-0.606842
-0.6637878
-0.6672668
-0.6735229
-0.6652527
-0.6832886
-0.6296997
-0.6793518
-0.6358948
-0.6685486
-0.6651611
-0.671051
-0.6166992
-0.6734924
-0.6271057
-0.6542969
-0.6424561
-0.661438
-0.6304321
-0.664917
-0.6022949
-0.6600647
-0.6121826
-0.6475525
-0.6283875
-0.6553345
-0.5894165
-0.6561584
-0.6273193
-0.6468201
-0.6360168
-0.660553
-0.616272
-0.6571655
-0.6017456
-0.647583
-0.6102295
-0.6396179
-0.5878601
-0.6427612
-0.552002
-0.6296997
-0.5929565
-0.6217651
-0.6171875
-0.6337891
-0.6013184
-0.6358032
-0.5784912
-0.6282959
-0.6292419
-0.6227417
-0.6128845
-0.6383972
-0.5569153
-0.6238708
-0.6190186
-0.6126709
-0.6085205
-0.6265259
-0.5855713
-0.6179504
-0.6138306
-0.6185608
-0.5694275
-0.6216736
-0.5596313
-0.612793
-0.5711975
-0.6092834
-0.5801697
-0.6088867
-0.579071
-0.6092529
-0.5858459
-0.602478
-0.609436
-0.6080017
-0.5424805
-0.6059875
-0.5764771
-0.5888977
-0.5802307
-0.603302
-0.486145
-0.5895386
-0.5487061
-0.5585632
-0.5832214
-0.5726929
-0.5568542
-0.5762024
-0.561615
-0.5617065
-0.5322571
-0.5571594
-0.5503845
-0.5486145
-0.5674438
-0.5534973
-0.5000916
-0.5535889
-0.5050964
-0.5319824
-0.5539856
-0.5323486
-0.545929
-0.5411987
-0.5014038
-0.5387878
-0.518219
-0.5224609
-0.5653381
-0.5265503
-0.5312805
-0.5388489
-0.5164185
-0.5239563
-0.511261
-0.5193787
-0.4899902
-0.5115356
-0.4859924
-0.5040894
-0.4879456
-0.5020752
-0.4900513
-0.4960022
-0.4770203
-0.4921265
-0.4916992
-0.4865417
-0.5150757
-0.4919434
-0.5116577
-0.4923706
-0.5163269
-0.4883118
-0.4351196
-0.4874878
-0.4413757
-0.4602661
-0.5352478
-0.4642944
-0.4408875
-0.4827271
-0.4376831
-0.4524841
-0.4937439
-0.4561768
-0.4766541
-0.465332
-0.4838257
-0.4614258
-0.5014648
-0.4694824
-0.5065308
-0.4753418
-0.4408569
-0.4776611
-0.4865112
-0.4629517
-0.5256348
-0.4814758
-0.4858398
-0.4934998
-0.5130615
-0.4934387
-0.5092773
-0.512146
-0.4990845
-0.517395
-0.5316772
-0.530426
-0.5448914
-0.5491638
-0.5710144
-0.557312
-0.5968323
-0.5701294
-0.5541992
-0.5853882
-0.5881958
-0.5897217
-0.6146851
-0.6134338
-0.5831604
-0.6278992
-0.6239014
-0.6286316
-0.6599731
-0.650238
-0.6765137
-0.6670837
-0.683136
-0.678894
-0.6930847
-0.6893311
-0.714447
-0.7056274
-0.7455444
-0.7261963
-0.7426758
-0.7433472
-0.7676697
-0.7512207
-0.7746277
-0.7673035
-0.7394104
-0.7755127
-0.8397217
-0.7770386
-0.8198242
-0.8098755
-0.7564392
-0.8058472
-0.8453979
-0.7994385
-0.8436279
-0.8331909
-0.8399658
-0.8392334
-0.8675537
-0.8437195
-0.8294373
-0.852478
-0.8291016
-0.8397217
-0.8504333
-0.8401184
-0.8329163
-0.8404236
-0.8319092
-0.829071
-0.8163757
-0.8269653
-0.8000793
-0.816803
-0.8075256
-0.8111267
-0.8015442
-0.8033142
-0.7893372
-0.7945862
-0.7752075
-0.7820129
-0.7929993
-0.7621155
-0.7406311
-0.7565308
-0.6991272
-0.7248535
-0.7324219
-0.7039185
-0.7029724
-0.6951599
-0.6733398
-0.6736145
-0.6758423
-0.6558533
-0.6928101
-0.6371765
-0.627594
-0.6274109
-0.5829468
-0.5905762
-0.6121521
-0.5676575
-0.5693359
-0.5591125
-0.5273438
-0.5271301
-0.5105896
-0.4996033
-0.5057678
-0.4839172
-0.4484558
-0.4716492
-0.4361267
-0.4423523
-0.4553528
-0.4302063
-0.3913269
-0.4177246
-0.3573303
-0.3866882
-0.3574829
-0.3676147
-0.3739624
-0.3586426
-0.3287659
-0.3490295
-0.3049011
-0.323761
-0.2936096
-0.3103333
-0.2336426
-0.2953186
-0.2602234
-0.2710876
-0.2528992
-0.2727661
-0.2088013
-0.2591553
-0.2379456
-0.2357178
-0.224762
-0.2377625
-0.1971436
-0.2250977
-0.2063293
-0.2134399
-0.1555786
-0.2106934
-0.1577148
-0.1918945
-0.1837463
-0.1889954
-0.1499634
-0.1888733
-0.1820679
-0.177002
-0.1845398
-0.181366
-0.1361389
-0.1728516
-0.147583
-0.1557922
-0.1319275
-0.1564636
-0.1347961
-0.1437378
-0.1774597
-0.1432495
-0.1404419
-0.1482849
-0.1205444
-0.1357727
-0.1370239
-0.1343994
-0.1440125
-0.1350098
-0.1500549
-0.1343689
-0.1426392
-0.1331482
-0.1372681
-0.1326599
-0.1521301
-0.132782
-0.1643982
-0.1342773
-0.1444397
-0.1387024
-0.1181335
-0.1348572
-0.1115417
-0.125061
-0.1457825
-0.1281738
-0.1723022
-0.1372375
-0.1746826
-0.1444092
-0.1401367
-0.1448669
-0.1395569
-0.1337585
-0.1753235
-0.1386719
-0.1438599
-0.1412964
-0.1343079
-0.1360168
-0.1520691
-0.1355591
-0.1512146
-0.1362
-0.1426086
-0.1385803
-0.1310425
-0.135437
-0.1252136
-0.1300659
-0.1330261
-0.1268921
-0.1424561
-0.1274719
-0.1403809
-0.125946
-0.1231689
-0.1242065
0.3514709
0.2946167
0.3185425
0.3132324
0.3135986
0.3006592
0.3371887
0.3040161
0.2601318
0.3066101
0.2891541
0.2846375
0.2961121
0.292511
0.234436
0.2878418
0.2825012
0.2731628
0.3038025
0.282959
0.2878723
0.2907715
0.2940979
0.2903137
0.3009949
0.287384
0.2773132
0.2849426
0.2371826
0.2731934
0.2392273
0.2647705
0.2923279
0.2716064
0.2691956
0.2860718
0.18927
0.2732239
0.2436829
0.252533
0.2844849
0.2681885
0.2533264
0.2760315
0.2088013
0.2652283
0.2634888
0.2536011
0.2610474
0.266449
0.1853638
0.2584229
0.2518005
0.2352295
0.2435303
0.2519531
0.2167969
0.2401733
0.2654724
0.2315063
0.2364197
0.2409973
0.2402039
0.2309265
0.2605896
0.2320557
0.2105103
0.2331238
0.1937866
0.2168274
0.2029114
0.2014465
0.2279663
0.1987305
0.2306519
0.2028198
0.2319031
0.2039185
0.2225647
0.1972046
0.2011414
0.1960144
0.1835632
0.1878967
0.1868896
0.1816101
0.192627
0.1777649
0.197876
0.175415
0.1641541
0.1780701
0.1527405
0.1600342
0.1853333
0.159668
0.1332397
0.1594238
0.1430969
0.1432495
0.1748352
0.1514587
0.141449
0.1566467
0.1625366
0.144165
0.1522217
0.1471863
0.1112976
0.1362
0.1756287
0.1247559
0.08187866
0.1385498
0.05355835
0.100708
0.1708374
0.1032104
0.04324341
0.1247864
0.1025696
0.08105469
0.1849976
0.1030884
0.0322876
0.1123657
0.11026
0.07833862
0.1127319
0.1006165
0.02249146
0.08810425
0.09555054
0.06314087
0.06072998
0.0798645
0.04309082
0.05874634
0.08383179
0.056427
0.006072998
0.06417847
0.01196289
0.03796387
0.06762695
0.04733276
0.04501343
0.05844116
0.01699829
0.04730225
0.01553345
0.03555298
0.03866577
0.03442383
0.01660156
0.02905273
0.007598877
0.0173645
0.03689575
0.01412964
0.05245972
0.01907349
0.01757813
0.01953125
-0.02807617
0.003631592
-0.02850342
-0.007965088
0.02880859
-0.004669189
-0.01339722
0.009216309
-0.02362061
-0.01092529
0.019104
-0.01257324
-0.07241821
-0.01077271
-0.04702759
-0.04138184
0.006378174
-0.03302002
-0.005462646
-0.02539063
-0.06524658
-0.03460693
-0.02706909
-0.05685425
0.007568359
-0.04324341
-0.148468
-0.0435791
-0.1124878
-0.09152222
-0.05203247
-0.07714844
-0.08792114
-0.0657959
-0.04885864
-0.07727051
-0.06387329
-0.06851196
-0.08630371
-0.07931519
-0.07241821
-0.08807373
-0.131897
-0.0824585
-0.1446533
-0.1020203
-0.09863281
-0.1051025
-0.1277466
-0.09753418
-0.1185303
-0.1060791
-0.1321411
-0.1006775
-0.1658325
-0.1158142
-0.09680176
-0.1228333
-0.1035767
-0.104126
-0.1672058
-0.1147461
-0.1465759
-0.1336365
-0.135376
-0.1308899
-0.1219177
-0.1297607
-0.1349487
-0.1326904
-0.1765747
-0.1436462
-0.149231
-0.1555481
-0.1469727
-0.1535034
-0.2036133
-0.1565247
-0.2073364
-0.1689148
-0.1965332
-0.1759033
-0.2018738
-0.1764221
-0.1945496
-0.1816711
-0.2376099
-0.1860962
-0.2032471
-0.2007141
-0.1636658
-0.188385
-0.2775269
-0.1873474
-0.2626343
-0.2280579
-0.1874084
-0.2198181
-0.2111206
-0.2086792
-0.2277222
-0.217865
-0.2784424
-0.2292786
-0.2966919
-0.2486572
-0.2828064
-0.2530518
-0.2838745
-0.2515564
-0.2679749
-0.2524719
-0.2501221
-0.2539673
-0.2421265
-0.2532959
-0.257019
-0.2595215
-0.2892456
-0.2660217
-0.3173218
-0.277771
-0.306427
-0.2926331
-0.2961121
-0.291626
-0.2971802
-0.2930298
-0.2818604
-0.2979431
-0.3389893
-0.3026123
-0.3276978
-0.3205261
-0.2807617
-0.3128052
-0.3505859
-0.3076172
-0.3554077
-0.3366089
-0.2962952
-0.335083
-0.2812805
-0.3200684
-0.3530273
-0.3238831
-0.372345
-0.3449402
-0.3309937
-0.3504639
-0.3461914
-0.3406067
-0.3545837
-0.3500671
-0.3486328
-0.3547363
-0.3431396
-0.3549194
-0.3456421
-0.3626099
-0.3363342
-0.368988
-0.3459167
-0.3681946
-0.3842468
-0.3769531
-0.4448242
-0.3939819
-0.3933105
-0.4061279
-0.326355
-0.3896484
-0.4317932
-0.3840942
-0.4028015
-0.4170837
-0.367157
-0.4036865
-0.4547119
-0.4010315
-0.4110107
-0.4225464
-0.4639282
-0.4093933
-0.494812
-0.4358826
-0.3727112
-0.4357605
-0.4823914
-0.4072876
-0.5126953
-0.4454041
-0.4173889
-0.4477844
-0.4691467
-0.4285583
-0.4761658
-0.443634
-0.4732056
-0.4496155
-0.4735413
-0.449707
-0.4747925
-0.4472351
-0.4848022
-0.4544067
-0.4910583
-0.460083
-0.4918518
-0.4691467
-0.4850159
-0.4763184
-0.4685364
-0.4747925
-0.4699097
-0.468689
-0.5445862
-0.4729309
-0.5105591
-0.4945068
-0.4753418
-0.4837341
-0.5207214
-0.479187
-0.4864197
-0.4909363
-0.4799805
-0.487793
-0.5079041
-0.4916687
-0.5271301
-0.5002747
-0.5399475
-0.5054016
-0.5360413
-0.5052795
-0.540863
-0.5038452
-0.547821
-0.5069275
-0.541626
-0.5152283
-0.5429688
-0.5139771
-0.5692749
-0.5195313
-0.5591736
-0.5326843
-0.5704041
-0.5279541
-0.5881958
-0.5332947
-0.553772
-0.5368042
-0.5790405
-0.5306702
-0.5894775
-0.5459595
-0.5677185
-0.5464478
-0.5933838
-0.5437317
-0.584259
-0.5592041
-0.5811157
-0.5565186
-0.6049194
-0.5585938
-0.5811157
-0.5682373
-0.5759583
-0.5646362
-0.5958252
-0.5620422
-0.5841064
-0.5700989
-0.5792236
-0.5731506
-0.5856628
-0.571991
-0.5889893
-0.5785828
-0.6185608
-0.5861511
-0.5628967
-0.5928345
-0.5243225
-0.5774231
-0.6087341
-0.5732117
-0.6032104
-0.5970154
-0.5917358
-0.5944824
-0.6074829
-0.591217
-0.6125488
-0.6033325
-0.6176758
-0.6036682
-0.6087646
-0.6073303
-0.6134949
-0.6157532
-0.5923157
-0.615448
-0.6087646
-0.6109314
-0.6269226
-0.6173096
-0.6181641
-0.625
-0.6059265
-0.6221924
-0.6191406
-0.6208496
-0.6439819
-0.6324768
-0.5992432
-0.6383667
-0.6612854
-0.6271973
-0.6748352
-0.6511536
-0.5666809
-0.651001
-0.6358337
-0.6228943
-0.6676941
-0.6491089
-0.6332092
-0.6494446
-0.6582031
-0.6402588
-0.6314697
-0.6477966
-0.6462097
-0.6364136
-0.6923828
-0.6466064
-0.6741943
-0.6573486
-0.6637878
-0.6488953
-0.6603699
-0.6505737
-0.6450195
-0.6533813
-0.6574097
-0.6501465
-0.6531982
-0.6543884
-0.6582031
-0.6520691
-0.67453
-0.6561584
-0.6582642
-0.6612549
-0.6528931
-0.6581726
-0.6610107
-0.6561279
-0.6950378
-0.6604004
-0.6163635
-0.6679688
-0.5744324
-0.6364136
-0.6830139
-0.6344604
-0.702179
-0.6677551
-0.6621704
-0.6661987
-0.6428528
-0.6577454
-0.6643066
-0.6535645
-0.6485596
-0.6582947
-0.652771
-0.655304
-0.6844788
-0.6534424
-0.6722717
-0.6584167
-0.6124878
-0.6582031
-0.6134644
-0.646637
-0.7013245
-0.6488037
-0.6425781
-0.6715088
-0.6075745
-0.6532288
-0.6557007
-0.6496582
-0.6470337
-0.6594543
-0.6690369
-0.658783
-0.660675
-0.6699829
-0.6362305
-0.6637573
-0.6543579
-0.6641235
-0.6835022
-0.6691895
-0.6755676
-0.6782837
-0.6259155
-0.6717224
-0.6750488
-0.6599426
-0.7010498
-0.6745605
-0.6510925
-0.6754456
-0.6440125
-0.6643066
-0.6462708
-0.6634216
-0.6456909
-0.6656494
-0.6254883
-0.6652832
-0.6565247
-0.668396
-0.6589355
-0.6772461
-0.6384277
-0.6760864
-0.6781616
-0.6707153
-0.6197205
-0.6835938
-0.6209717
-0.6682739
-0.6677856
-0.6694946
-0.5915527
-0.6857605
-0.606842
-0.6637878
-0.6672668
-0.6735229
-0.6652527
-0.6832886
-0.6296997
-0.6793518
-0.6358948
-0.6685486
-0.6651611
-0.671051
-0.6166992
-0.6734924
-0.6271057
-0.6542969
-0.6424561
-0.661438
-0.6304321
-0.664917
-0.6022949
-0.6600647
-0.6121826
-0.6475525
-0.6283875
-0.6553345
-0.5894165
-0.6561584
-0.6273193
-0.6468201
-0.6360168
-0.660553
-0.616272
-0.6571655
-0.6017456
-0.647583
-0.6102295
-0.6396179
-0.5878601
-0.6427612
-0.552002
-0.6296997
-0.5929565
-0.6217651
-0.6171875
-0.6337891
-0.6013184
-0.6358032
-0.5784912
-0.6282959
-0.6292419
-0.6227417
-0.6128845
-0.6383972
-0.5569153
-0.6238708
-0.6190186
-0.6126709
-0.6085205
-0.6265259
-0.5855713
-0.6179504
-0.6138306
-0.6185608
-0.5694275
-0.6216736
-0.5596313
-0.612793
-0.5711975
-0.6092834
-0.5801697
-0.6088867
-0.579071
-0.6092529
-0.5858459
-0.602478
-0.609436
-0.6080017
-0.5424805
-0.6059875
-0.5764771
-0.5888977
-0.5802307
-0.603302
-0.486145
-0.5895386
-0.5487061
-0.5585632
-0.5832214
-0.5726929
-0.5568542
-0.5762024
-0.561615
-0.5617065
-0.5322571
-0.5571594
-0.5503845
-0.5486145
-0.5674438
-0.5534973
-0.5000916
-0.5535889
-0.5050964
-0.5319824
-0.5539856
-0.5323486
-0.545929
-0.5411987
-0.5014038
-0.5387878
-0.518219
-0.5224609
-0.5653381
-0.5265503
-0.5312805
-0.5388489
-0.5164185
-0.5239563
-0.511261
-0.5193787
-0.4899902
-0.5115356
-0.4859924
-0.5040894
-0.4879456
-0.5020752
-0.4900513
-0.4960022
-0.4770203
-0.4921265
-0.4916992
-0.4865417
-0.5150757
-0.4919434
-0.5116577
-0.4923706
-0.5163269
-0.4883118
-0.4351196
-0.4874878
-0.4413757
-0.4602661
-0.5352478
-0.4642944
-0.4408875
-0.4827271
-0.4376831
-0.4524841
-0.4937439
-0.4561768
-0.4766541
-0.465332
-0.4838257
-0.4614258
-0.5014648
-0.4694824
-0.5065308
-0.4753418
-0.4408569
-0.4776611
-0.4865112
-0.4629517
-0.5256348
-0.4814758
-0.4858398
-0.4934998
-0.5130615
-0.4934387
-0.5092773
-0.512146
-0.4990845
-0.517395
-0.5316772
-0.530426
-0.5448914
-0.5491638
-0.5710144
-0.557312
-0.5968323
-0.5701294
-0.5541992
-0.5853882
-0.5881958
-0.5897217
-0.6146851
-0.6134338
-0.5831604
-0.6278992
-0.6239014
-0.6286316
-0.6599731
-0.650238
-0.6765137
-0.6670837
-0.683136
-0.678894
-0.6930847
-0.6893311
-0.714447
-0.7056274
-0.7455444
-0.7261963
-0.7426758
-0.7433472
-0.7676697
-0.7512207
-0.7746277
-0.7673035
-0.7394104
-0.7755127
-0.8397217
-0.7770386
-0.8198242
-0.8098755
-0.7564392
-0.8058472
-0.8453979
-0.7994385
-0.8436279
-0.8331909
-0.8399658
-0.8392334
-0.8675537
-0.8437195
-0.8294373
-0.852478
-0.8291016
-0.8397217
-0.8504333
-0.8401184
-0.8329163
-0.8404236
-0.8319092
-0.829071
-0.8163757
-0.8269653
-0.8000793
-0.816803
-0.8075256
-0.8111267
-0.8015442
-0.8033142
-0.7893372
-0.7945862
-0.7752075
-0.7820129
-0.7929993
-0.7621155
-0.7406311
-0.7565308
-0.6991272
-0.7248535
-0.7324219
-0.7039185
-0.7029724
-0.6951599
-0.6733398
-0.6736145
-0.6758423
-0.6558533
-0.6928101
-0.6371765
-0.627594
-0.6274109
-0.5829468
-0.5905762
-0.6121521
-0.5676575
-0.5693359
-0.5591125
-0.5273438
-0.5271301
-0.5105896
-0.4996033
-0.5057678
-0.4839172
-0.4484558
-0.4716492
-0.4361267
-0.4423523
-0.4553528
-0.4302063
-0.3913269
-0.4177246
-0.3573303
-0.3866882
-0.3574829
-0.3676147
-0.3739624
-0.3586426
-0.3287659
-0.3490295
-0.3049011
-0.323761
-0.2936096
-0.3103333
-0.2336426
-0.2953186
-0.2602234
-0.2710876
-0.2528992
-0.2727661
-0.2088013
-0.2591553
-0.2379456
-0.2357178
-0.224762
-0.2377625
-0.1971436
-0.2250977
-0.2063293
-0.2134399
-0.1555786
-0.2106934
-0.1577148
-0.1918945
-0.1837463
-0.1889954
-0.1499634
-0.1888733
-0.1820679
-0.177002
-0.1845398
-0.181366
-0.1361389
-0.1728516
-0.147583
-0.1557922
-0.1319275
-0.1564636
-0.1347961
-0.1437378
-0.1774597
-0.1432495
-0.1404419
-0.1482849
-0.1205444
-0.1357727
-0.1370239
-0.1343994
-0.1440125
-0.1350098
-0.1500549
-0.1343689
-0.1426392
-0.1331482
-0.1372681
-0.1326599
-0.1521301
-0.132782
-0.1643982
-0.1342773
-0.1444397
-0.1387024
-0.1181335
-0.1348572
-0.1115417
-0.125061
-0.1457825
-0.1281738
-0.1723022
-0.1372375
-0.1746826
-0.1444092
-0.1401367
-0.1448669
-0.1395569
-0.1337585
-0.1753235
-0.1386719
-0.1438599
-0.1412964
-0.1343079
-0.1360168
-0.1520691
-0.1355591
-0.1512146
-0.1362
-0.1426086
-0.1385803
-0.1310425
-0.135437
-0.1252136
-0.1300659
-0.1330261
-0.1268921
-0.1424561
-0.1274719
-0.1403809
-0.125946
-0.1231689
-0.1242065
0.3514709
0.2946167
0.3185425
0.3132324
0.3135986
0.3006592
0.3371887
0.3040161
0.2601318
0.3066101
0.2891541
0.2846375
0.2961121
0.292511
0.234436
0.2878418
0.2825012
0.2731628
0.3038025
0.282959
0.2878723
0.2907715
0.2940979
0.2903137
0.3009949
0.287384
0.2773132
0.2849426
0.2371826
0.2731934
0.2392273
0.2647705
0.2923279
0.2716064
0.2691956
0.2860718
0.18927
0.2732239
0.2436829
0.252533
0.2844849
0.2681885
0.2533264
0.2760315
0.2088013
0.2652283
0.2634888
0.2536011
0.2610474
0.266449
0.1853638
0.2584229
0.2518005
0.2352295
0.2435303
0.2519531
0.2167969
0.2401733
0.2654724
0.2315063
0.2364197
0.2409973
0.2402039
0.2309265
0.2605896
0.2320557
0.2105103
0.2331238
0.1937866
0.2168274
0.2029114
0.2014465
0.2279663
0.1987305
0.2306519
0.2028198
0.2319031
0.2039185
0.2225647
0.1972046
0.2011414
0.1960144
0.1835632
0.1878967
0.1868896
0.1816101
0.192627
0.1777649
0.197876
0.175415
0.1641541
0.1780701
0.1527405
0.1600342
0.1853333
0.159668
0.1332397
0.1594238
0.1430969
0.1432495
0.1748352
0.1514587
0.141449
0.1566467
0.1625366
0.144165
0.1522217
0.1471863
0.1112976
0.1362
0.1756287
0.1247559
0.08187866
0.1385498
0.05355835
0.100708
0.1708374
0.1032104
0.04324341
0.1247864
0.1025696
0.08105469
0.1849976
0.1030884
0.0322876
0.1123657
0.11026
0.07833862
0.1127319
0.1006165
0.02249146
0.08810425
0.09555054
0.06314087
0.06072998
0.0798645
0.04309082
0.05874634
0.08383179
0.056427
0.006072998
0.06417847
0.01196289
0.03796387
0.06762695
0.04733276
0.04501343
0.05844116
0.01699829
0.04730225
0.01553345
0.03555298
0.03866577
0.03442383
0.01660156
0.02905273
0.007598877
0.0173645
0.03689575
0.01412964
0.05245972
0.01907349
0.01757813
0.01953125
-0.02807617
0.003631592
-0.02850342
-0.007965088
0.02880859
-0.004669189
-0.01339722
0.009216309
-0.02362061
-0.01092529
0.019104
-0.01257324
-0.07241821
-0.01077271
-0.04702759
-0.04138184
0.006378174
-0.03302002
-0.005462646
-0.02539063
-0.06524658
-0.03460693
-0.02706909
-0.05685425
0.007568359
-0.04324341
-0.148468
-0.0435791
-0.1124878
-0.09152222
-0.05203247
-0.07714844
-0.08792114
-0.0657959
-0.04885864
-0.07727051
-0.06387329
-0.06851196
-0.08630371
-0.07931519
-0.07241821
-0.08807373
-0.131897
-0.0824585
-0.1446533
-0.1020203
-0.09863281
-0.1051025
-0.1277466
-0.09753418
-0.1185303
-0.1060791
-0.1321411
-0.1006775
-0.1658325
-0.1158142
-0.09680176
-0.1228333
-0.1035767
-0.104126
-0.1672058
-0.1147461
-0.1465759
-0.1336365
-0.135376
-0.1308899
-0.1219177
-0.1297607
-0.1349487
-0.1326904
-0.1765747
-0.1436462
-0.149231
-0.1555481
-0.1469727
-0.1535034
-0.2036133
-0.1565247
-0.2073364
-0.1689148
-0.1965332
-0.1759033
-0.2018738
-0.1764221
-0.1945496
-0.1816711
-0.2376099
-0.1860962
-0.2032471
-0.2007141
-0.1636658
-0.188385
-0.2775269
-0.1873474
-0.2626343
-0.2280579
-0.1874084
-0.2198181
-0.2111206
-0.2086792
-0.2277222
-0.217865
-0.2784424
-0.2292786
-0.2966919
-0.2486572
-0.2828064
-0.2530518
-0.2838745
-0.2515564
-0.2679749
-0.2524719
-0.2501221
-0.2539673
-0.2421265
-0.2532959
-0.257019
-0.2595215
-0.2892456
-0.2660217
-0.3173218
-0.277771
-0.306427
-0.2926331
-0.2961121
-0.291626
-0.2971802
-0.2930298
-0.2818604
-0.2979431
-0.3389893
-0.3026123
-0.3276978
-0.3205261
-0.2807617
-0.3128052
-0.3505859
-0.3076172
-0.3554077
-0.3366089
-0.2962952
-0.335083
-0.2812805
-0.3200684
-0.3530273
-0.3238831
-0.372345
-0.3449402
-0.3309937
-0.3504639
-0.3461914
-0.3406067
-0.3545837
-0.3500671
-0.3486328
-0.3547363
-0.3431396
-0.3549194
-0.3456421
-0.3626099
-0.3363342
-0.368988
-0.3459167
-0.3681946
-0.3842468
-0.3769531
-0.4448242
-0.3939819
-0.3933105
-0.4061279
-0.326355
-0.3896484
-0.4317932
-0.3840942
-0.4028015
-0.4170837
-0.367157
-0.4036865
-0.4547119
-0.4010315
-0.4110107
-0.4225464
-0.4639282
-0.4093933
-0.494812
-0.4358826
-0.3727112
-0.4357605
-0.4823914
-0.4072876
-0.5126953
-0.4454041
-0.4173889
-0.4477844
-0.4691467
-0.4285583
-0.4761658
-0.443634
-0.4732056
-0.4496155
-0.4735413
-0.449707
-0.4747925
-0.4472351
-0.4848022
-0.4544067
-0.4910583
-0.460083
-0.4918518
-0.4691467
-0.4850159
-0.4763184
-0.4685364
-0.4747925
-0.4699097
-0.468689
-0.5445862
-0.4729309
-0.5105591
-0.4945068
-0.4753418
-0.4837341
-0.5207214
-0.479187
-0.4864197
-0.4909363
-0.4799805
-0.487793
-0.5079041
-0.4916687
-0.5271301
-0.5002747
-0.5399475
-0.5054016
-0.5360413
-0.5052795
-0.540863
-0.5038452
-0.547821
-0.5069275
-0.541626
-0.5152283
-0.5429688
-0.5139771
-0.5692749
-0.5195313
-0.5591736
-0.5326843
-0.5704041
-0.5279541
-0.5881958
-0.5332947
-0.553772
-0.5368042
-0.5790405
-0.5306702
-0.5894775
-0.5459595
-0.5677185
-0.5464478
-0.5933838
-0.5437317
-0.584259
-0.5592041
-0.5811157
-0.5565186
-0.6049194
-0.5585938
-0.5811157
-0.5682373
-0.5759583
-0.5646362
-0.5958252
-0.5620422
-0.5841064
-0.5700989
-0.5792236
-0.5731506
-0.5856628
-0.571991
-0.5889893
-0.5785828
-0.6185608
-0.5861511
-0.5628967
-0.5928345
-0.5243225
-0.5774231
-0.6087341
-0.5732117
-0.6032104
-0.5970154
-0.5917358
-0.5944824
-0.6074829
-0.591217
-0.6125488
-0.6033325
-0.6176758
-0.6036682
-0.6087646
-0.6073303
-0.6134949
-0.6157532
-0.5923157
-0.615448
-0.6087646
-0.6109314
-0.6269226
-0.6173096
-0.6181641
-0.625
-0.6059265
-0.6221924
-0.6191406
-0.6208496
-0.6439819
-0.6324768
-0.5992432
-0.6383667
-0.6612854
-0.6271973
-0.6748352
-0.6511536
-0.5666809
-0.651001
-0.6358337
-0.6228943
-0.6676941
-0.6491089
-0.6332092
-0.6494446
-0.6582031
-0.6402588
-0.6314697
-0.6477966
-0.6462097
-0.6364136
-0.6923828
-0.6466064
-0.6741943
-0.6573486
-0.6637878
-0.6488953
-0.6603699
-0.6505737
-0.6450195
-0.6533813
-0.6574097
-0.6501465
-0.6531982
-0.6543884
-0.6582031
-0.6520691
-0.67453
-0.6561584
-0.6582642
-0.6612549
-0.6528931
-0.6581726
-0.6610107
-0.6561279
-0.6950378
-0.6604004
-0.6163635
-0.6679688
-0.5744324
-0.6364136
-0.6830139
-0.6344604
-0.702179
-0.6677551
-0.6621704
-0.6661987
-0.6428528
-0.6577454
-0.6643066
-0.6535645
-0.6485596
-0.6582947
-0.652771
-0.655304
-0.6844788
-0.6534424
-0.6722717
-0.6584167
-0.6124878
-0.6582031
-0.6134644
-0.646637
-0.7013245
-0.6488037
-0.6425781
-0.6715088
-0.6075745
-0.6532288
-0.6557007
-0.6496582
-0.6470337
-0.6594543
-0.6690369
-0.658783
-0.660675
-0.6699829
-0.6362305
-0.6637573
-0.6543579
-0.6641235
-0.6835022
-0.6691895
-0.6755676
-0.6782837
-0.6259155
-0.6717224
-0.6750488
-0.6599426
-0.7010498
-0.6745605
-0.6510925
-0.6754456
-0.6440125
-0.6643066
-0.6462708
-0.6634216
-0.6456909
-0.6656494
-0.6254883
-0.6652832
-0.6565247
-0.668396
-0.6589355
-0.6772461
-0.6384277
-0.6760864
-0.6781616
-0.6707153
-0.6197205
-0.6835938
-0.6209717
-0.6682739
-0.6677856
-0.6694946
-0.5915527
-0.6857605
-0.606842
-0.6637878
-0.6672668
-0.6735229
-0.6652527
-0.6832886
-0.6296997
-0.6793518
-0.6358948
-0.6685486
-0.6651611
-0.671051
-0.6166992
-0.6734924
-0.6271057
-0.6542969
-0.6424561
-0.661438
-0.6304321
-0.664917
-0.6022949
-0.6600647
-0.6121826
-0.6475525
-0.6283875
-0.6553345
-0.5894165
-0.6561584
-0.6273193
-0.6468201
-0.6360168
-0.660553
-0.616272
-0.6571655
-0.6017456
-0.647583
-0.6102295
-0.6396179
-0.5878601
-0.6427612
-0.552002
-0.6296997
-0.5929565
-0.6217651
-0.6171875
-0.6337891
-0.6013184
-0.6358032
-0.5784912
-0.6282959
-0.6292419
-0.6227417
-0.6128845
-0.6383972
-0.5569153
-0.6238708
-0.6190186
-0.6126709
-0.6085205
-0.6265259
-0.5855713
-0.6179504
-0.6138306
-0.6185608
-0.5694275
-0.6216736
-0.5596313
-0.612793
-0.5711975
-0.6092834
-0.5801697
-0.6088867
-0.579071
-0.6092529
-0.5858459
-0.602478
-0.609436
-0.6080017
-0.5424805
-0.6059875
-0.5764771
-0.5888977
-0.5802307
-0.603302
-0.486145
-0.5895386
-0.5487061
-0.5585632
-0.5832214
-0.5726929
-0.5568542
-0.5762024
-0.561615
-0.5617065
-0.5322571
-0.5571594
-0.5503845
-0.5486145
-0.5674438
-0.5534973
-0.5000916
-0.5535889
-0.5050964
-0.5319824
-0.5539856
-0.5323486
-0.545929
-0.5411987
-0.5014038
-0.5387878
-0.518219
-0.5224609
-0.5653381
-0.5265503
-0.5312805
-0.5388489
-0.5164185
-0.5239563
-0.511261
-0.5193787
-0.4899902
-0.5115356
-0.4859924
-0.5040894
-0.4879456
-0.5020752
-0.4900513
-0.4960022
-0.4770203
-0.4921265
-0.4916992
-0.4865417
-0.5150757
-0.4919434
-0.5116577
-0.4923706
-0.5163269
-0.4883118
-0.4351196
-0.4874878
-0.4413757
-0.4602661
-0.5352478
-0.4642944
-0.4408875
-0.4827271
-0.4376831
-0.4524841
-0.4937439
-0.4561768
-0.4766541
-0.465332
-0.4838257
-0.4614258
-0.5014648
-0.4694824
-0.5065308
-0.4753418
-0.4408569
-0.4776611
-0.4865112
-0.4629517
-0.5256348
-0.4814758
-0.4858398
-0.4934998
-0.5130615
-0.4934387
-0.5092773
-0.512146
-0.4990845
-0.517395
-0.5316772
-0.530426
-0.5448914
-0.5491638
-0.5710144
-0.557312
-0.5968323
-0.5701294
-0.5541992
-0.5853882
-0.5881958
-0.5897217
-0.6146851
-0.6134338
-0.5831604
-0.6278992
-0.6239014
-0.6286316
-0.6599731
-0.650238
-0.6765137
-0.6670837
-0.683136
-0.678894
-0.6930847
-0.6893311
-0.714447
-0.7056274
-0.7455444
-0.7261963
-0.7426758
-0.7433472
-0.7676697
-0.7512207
-0.7746277
-0.7673035
-0.7394104
-0.7755127
-0.8397217
-0.7770386
-0.8198242
-0.8098755
-0.7564392
-0.8058472
-0.8453979
-0.7994385
-0.8436279
-0.8331909
-0.8399658
-0.8392334
-0.8675537
-0.8437195
-0.8294373
-0.852478
-0.8291016
-0.8397217
-0.8504333
-0.8401184
-0.8329163
-0.8404236
-0.8319092
-0.829071
-0.8163757
-0.8269653
-0.8000793
-0.816803
-0.8075256
-0.8111267
-0.8015442
-0.8033142
-0.7893372
-0.7945862
-0.7752075
-0.7820129
-0.7929993
-0.7621155
-0.7406311
-0.7565308
-0.6991272
-0.7248535
-0.7324219
-0.7039185
-0.7029724
-0.6951599
-0.6733398
-0.6736145
-0.6758423
-0.6558533
-0.6928101
-0.6371765
-0.627594
-0.6274109
-0.5829468
-0.5905762
-0.6121521
-0.5676575
-0.5693359
-0.5591125
-0.5273438
-0.5271301
-0.5105896
-0.4996033
-0.5057678
-0.4839172
-0.4484558
-0.4716492
-0.4361267
-0.4423523
-0.4553528
-0.4302063
-0.3913269
-0.4177246
-0.3573303
-0.3866882
-0.3574829
-0.3676147
-0.3739624
-0.3586426
-0.3287659
-0.3490295
-0.3049011
-0.323761
-0.2936096
-0.3103333
-0.2336426
-0.2953186
-0.2602234
-0.2710876
-0.2528992
-0.2727661
-0.2088013
-0.2591553
-0.2379456
-0.2357178
-0.224762
-0.2377625
-0.1971436
-0.2250977
-0.2063293
-0.2134399
-0.1555786
-0.2106934
-0.1577148
-0.1918945
-0.1837463
-0.1889954
-0.1499634
-0.1888733
-0.1820679
-0.177002
-0.1845398
-0.181366
-0.1361389
-0.1728516
-0.147583
-0.1557922
-0.1319275
-0.1564636
-0.1347961
-0.1437378
-0.1774597
-0.1432495
-0.1404419
-0.1482849
-0.1205444
-0.1357727
-0.1370239
-0.1343994
-0.1440125
-0.1350098
-0.1500549
-0.1343689
-0.1426392
-0.1331482
-0.1372681
-0.1326599
-0.1521301
-0.132782
-0.1643982
-0.1342773
-0.1444397
-0.1387024
-0.1181335
-0.1348572
-0.1115417
-0.125061
-0.1457825
-0.1281738
-0.1723022
-0.1372375
-0.1746826
-0.1444092
-0.1401367
-0.1448669
-0.1395569
-0.1337585
-0.1753235
-0.1386719
-0.1438599
-0.1412964
-0.1343079
-0.1360168
-0.1520691
-0.1355591
-0.1512146
-0.1362
-0.1426086
-0.1385803
-0.1310425
-0.135437
-0.1252136
-0.1300659
-0.1330261
-0.1268921
-0.1424561
-0.1274719
-0.1403809
-0.125946
-0.1231689
-0.1242065
0.3514709
0.2946167
0.3185425
0.3132324
0.3135986
0.3006592
0.3371887
0.3040161
0.2601318
0.3066101
0.2891541
0.2846375
0.2961121
0.292511
0.234436
0.2878418
0.2825012
0.2731628
0.3038025
0.282959
0.2878723
0.2907715
0.2940979
0.2903137
0.3009949
0.287384
0.2773132
0.2849426
0.2371826
0.2731934
0.2392273
0.2647705
0.2923279
0.2716064
0.2691956
0.2860718
0.18927
0.2732239
0.2436829
0.252533
0.2844849
0.2681885
0.2533264
0.2760315
0.2088013
0.2652283
0.2634888
0.2536011
0.2610474
0.266449
0.1853638
0.2584229
0.2518005
0.2352295
0.2435303
0.2519531
0.2167969
0.2401733
0.2654724
0.2315063
0.2364197
0.2409973
0.2402039
0.2309265
0.2605896
0.2320557
0.2105103
0.2331238
0.1937866
0.2168274
0.2029114
0.2014465
0.2279663
0.1987305
0.2306519
0.2028198
0.2319031
0.2039185
0.2225647
0.1972046
0.2011414
0.1960144
0.1835632
0.1878967
0.1868896
0.1816101
0.192627
0.1777649
0.197876
0.175415
0.1641541
0.1780701
0.1527405
0.1600342
0.1853333
0.159668
0.1332397
0.1594238
0.1430969
0.1432495
0.1748352
0.1514587
0.141449
0.1566467
0.1625366
0.144165
0.1522217
0.1471863
0.1112976
0.1362
0.1756287
0.1247559
0.08187866
0.1385498
0.05355835
0.100708
0.1708374
0.1032104
0.04324341
0.1247864
0.1025696
0.08105469
0.1849976
0.1030884
0.0322876
0.1123657
0.11026
0.07833862
0.1127319
0.1006165
0.02249146
0.08810425
0.09555054
0.06314087
0.06072998
0.0798645
0.04309082
0.05874634
0.08383179
0.056427
0.006072998
0.06417847
0.01196289
0.03796387
0.06762695
0.04733276
0.04501343
0.05844116
0.01699829
0.04730225
0.01553345
0.03555298
0.03866577
0.03442383
0.01660156
0.02905273
0.007598877
0.0173645
0.03689575
0.01412964
0.05245972
0.01907349
0.01757813
0.01953125
-0.02807617
0.003631592
-0.02850342
-0.007965088
0.02880859
-0.004669189
-0.01339722
0.009216309
-0.02362061
-0.01092529
0.019104
-0.01257324
-0.07241821
-0.01077271
-0.04702759
-0.04138184
0.006378174
-0.03302002
-0.005462646
-0.02539063
-0.06524658
-0.03460693
-0.02706909
-0.05685425
0.007568359
-0.04324341
-0.148468
-0.0435791
-0.1124878
-0.09152222
-0.05203247
-0.07714844
-0.08792114
-0.0657959
-0.04885864
-0.07727051
-0.06387329
-0.06851196
-0.08630371
-0.07931519
-0.07241821
-0.08807373
-0.131897
-0.0824585
-0.1446533
-0.1020203
-0.09863281
-0.1051025
-0.1277466
-0.09753418
-0.1185303
-0.1060791
-0.1321411
-0.1006775
-0.1658325
-0.1158142
-0.09680176
-0.1228333
-0.1035767
-0.104126
-0.1672058
-0.1147461
-0.1465759
-0.1336365
-0.135376
-0.1308899
-0.1219177
-0.1297607
-0.1349487
-0.1326904
-0.1765747
-0.1436462
-0.149231
-0.1555481
-0.1469727
-0.1535034
-0.2036133
-0.1565247
-0.2073364
-0.1689148
-0.1965332
-0.1759033
-0.2018738
-0.1764221
-0.1945496
-0.1816711
-0.2376099
-0.1860962
-0.2032471
-0.2007141
-0.1636658
-0.188385
-0.2775269
-0.1873474
-0.2626343
-0.2280579
-0.1874084
-0.2198181
-0.2111206
-0.2086792
-0.2277222
-0.217865
-0.2784424
-0.2292786
-0.2966919
-0.2486572
-0.2828064
-0.2530518
-0.2838745
-0.2515564
-0.2679749
-0.2524719
-0.2501221
-0.2539673
-0.2421265
-0.2532959
-0.257019
-0.2595215
-0.2892456
-0.2660217
-0.3173218
-0.277771
-0.306427
-0.2926331
-0.2961121
-0.291626
-0.2971802
-0.2930298
-0.2818604
-0.2979431
-0.3389893
-0.3026123
-0.3276978
-0.3205261
-0.2807617
-0.3128052
-0.3505859
-0.3076172
-0.3554077
-0.3366089
-0.2962952
-0.335083
-0.2812805
-0.3200684
-0.3530273
-0.3238831
-0.372345
-0.3449402
-0.3309937
-0.3504639
-0.3461914
-0.3406067
-0.3545837
-0.3500671
-0.3486328
-0.3547363
-0.3431396
-0.3549194
-0.3456421
-0.3626099
-0.3363342
-0.368988
-0.3459167
-0.3681946
-0.3842468
-0.3769531
-0.4448242
-0.3939819
-0.3933105
-0.4061279
-0.326355
-0.3896484
-0.4317932
-0.3840942
-0.4028015
-0.4170837
-0.367157
-0.4036865
-0.4547119
-0.4010315
-0.4110107
-0.4225464
-0.4639282
-0.4093933
-0.494812
-0.4358826
-0.3727112
-0.4357605
-0.4823914
-0.4072876
-0.5126953
-0.4454041
-0.4173889
-0.4477844
-0.4691467
-0.4285583
-0.4761658
-0.443634
-0.4732056
-0.4496155
-0.4735413
-0.449707
-0.4747925
-0.4472351
-0.4848022
-0.4544067
-0.4910583
-0.460083
-0.4918518
-0.4691467
-0.4850159
-0.4763184
-0.4685364
-0.4747925
-0.4699097
-0.468689
-0.5445862
-0.4729309
-0.5105591
-0.4945068
-0.4753418
-0.4837341
-0.5207214
-0.479187
-0.4864197
-0.4909363
-0.4799805
-0.487793
-0.5079041
-0.4916687
-0.5271301
-0.5002747
-0.5399475
-0.5054016
-0.5360413
-0.5052795
-0.540863
-0.5038452
-0.547821
-0.5069275
-0.541626
-0.5152283
-0.5429688
-0.5139771
-0.5692749
-0.5195313
-0.5591736
-0.5326843
-0.5704041
-0.5279541
-0.5881958
-0.5332947
-0.553772
-0.5368042
-0.5790405
-0.5306702
-0.5894775
-0.5459595
-0.5677185
-0.5464478
-0.5933838
-0.5437317
-0.584259
-0.5592041
-0.5811157
-0.5565186
-0.6049194
-0.5585938
-0.5811157
-0.5682373
-0.5759583
-0.5646362
-0.5958252
-0.5620422
-0.5841064
-0.5700989
-0.5792236
-0.5731506
-0.5856628
-0.571991
-0.5889893
-0.5785828
-0.6185608
-0.5861511
-0.5628967
-0.5928345
-0.5243225
-0.5774231
-0.6087341
-0.5732117
-0.6032104
-0.5970154
-0.5917358
-0.5944824
-0.6074829
-0.591217
-0.6125488
-0.6033325
-0.6176758
-0.6036682
-0.6087646
-0.6073303
-0.6134949
-0.6157532
-0.5923157
-0.615448
-0.6087646
-0.6109314
-0.6269226
-0.6173096
-0.6181641
-0.625
-0.6059265
-0.6221924
-0.6191406
-0.6208496
-0.6439819
-0.6324768
-0.5992432
-0.6383667
-0.6612854
-0.6271973
-0.6748352
-0.6511536
-0.5666809
-0.651001
-0.6358337
-0.6228943
-0.6676941
-0.6491089
-0.6332092
-0.6494446
-0.6582031
-0.6402588
-0.6314697
-0.6477966
-0.6462097
-0.6364136
-0.6923828
-0.6466064
-0.6741943
-0.6573486
-0.6637878
-0.6488953
-0.6603699
-0.6505737
-0.6450195
-0.6533813
-0.6574097
-0.6501465
-0.6531982
-0.6543884
-0.6582031
-0.6520691
-0.67453
-0.6561584
-0.6582642
-0.6612549
-0.6528931
-0.6581726
-0.6610107
-0.6561279
-0.6950378
-0.6604004
-0.6163635
-0.6679688
-0.5744324
-0.6364136
-0.6830139
-0.6344604
-0.702179
-0.6677551
-0.6621704
-0.6661987
-0.6428528
-0.6577454
-0.6643066
-0.6535645
-0.6485596
-0.6582947
-0.652771
-0.655304
-0.6844788
-0.6534424
-0.6722717
-0.6584167
-0.6124878
-0.6582031
-0.6134644
-0.646637
-0.7013245
-0.6488037
-0.6425781
-0.6715088
-0.6075745
-0.6532288
-0.6557007
-0.6496582
-0.6470337
-0.6594543
-0.6690369
-0.658783
-0.660675
-0.6699829
-0.6362305
-0.6637573
-0.6543579
-0.6641235
-0.6835022
-0.6691895
-0.6755676
-0.6782837
-0.6259155
-0.6717224
-0.6750488
-0.6599426
-0.7010498
-0.6745605
-0.6510925
-0.6754456
-0.6440125
-0.6643066
-0.6462708
-0.6634216
-0.6456909
-0.6656494
-0.6254883
-0.6652832
-0.6565247
-0.668396
-0.6589355
-0.6772461
-0.6384277
-0.6760864
-0.6781616
-0.6707153
-0.6197205
-0.6835938
-0.6209717
-0.6682739
-0.6677856
-0.6694946
-0.5915527
-0.6857605
-0.606842
-0.6637878
-0.6672668
-0.6735229
-0.6652527
-0.6832886
-0.6296997
-0.6793518
-0.6358948
-0.6685486
-0.6651611
-0.671051
-0.6166992
-0.6734924
-0.6271057
-0.6542969
-0.6424561
-0.661438
-0.6304321
-0.664917
-0.6022949
-0.6600647
-0.6121826
-0.6475525
-0.6283875
-0.6553345
-0.5894165
-0.6561584
-0.6273193
-0.6468201
-0.6360168
-0.660553
-0.616272
-0.6571655
-0.6017456
-0.647583
-0.6102295
-0.6396179
-0.5878601
-0.6427612
-0.552002
-0.6296997
-0.5929565
-0.6217651
-0.6171875
-0.6337891
-0.6013184
-0.6358032
-0.5784912
-0.6282959
-0.6292419
-0.6227417
-0.6128845
-0.6383972
-0.5569153
-0.6238708
-0.6190186
-0.6126709
-0.6085205
-0.6265259
-0.5855713
-0.6179504
-0.6138306
-0.6185608
-0.5694275
-0.6216736
-0.5596313
-0.612793
-0.5711975
-0.6092834
-0.5801697
-0.6088867
-0.579071
-0.6092529
-0.5858459
-0.602478
-0.609436
-0.6080017
-0.5424805
-0.6059875
-0.5764771
-0.5888977
-0.5802307
-0.603302
-0.486145
-0.5895386
-0.5487061
-0.5585632
-0.5832214
-0.5726929
-0.5568542
-0.5762024
-0.561615
-0.5617065
-0.5322571
-0.5571594
-0.5503845
-0.5486145
-0.5674438
-0.5534973
-0.5000916
-0.5535889
-0.5050964
-0.5319824
-0.5539856
-0.5323486
-0.545929
-0.5411987
-0.5014038
-0.5387878
-0.518219
-0.5224609
-0.5653381
-0.5265503
-0.5312805
-0.5388489
-0.5164185
-0.5239563
-0.511261
-0.5193787
-0.4899902
-0.5115356
-0.4859924
-0.5040894
-0.4879456
-0.5020752
-0.4900513
-0.4960022
-0.4770203
-0.4921265
-0.4916992
-0.4865417
-0.5150757
-0.4919434
-0.5116577
-0.4923706
-0.5163269
-0.4883118
-0.4351196
-0.4874878
-0.4413757
-0.4602661
-0.5352478
-0.4642944
-0.4408875
-0.4827271
-0.4376831
-0.4524841
-0.4937439
-0.4561768
-0.4766541
-0.465332
-0.4838257
-0.4614258
-0.5014648
-0.4694824
-0.5065308
-0.4753418
-0.4408569
-0.4776611
-0.4865112
-0.4629517
-0.5256348
-0.4814758
-0.4858398
-0.4934998
-0.5130615
-0.4934387
-0.5092773
-0.512146
-0.4990845
-0.517395
-0.5316772
-0.530426
-0.5448914
-0.5491638
-0.5710144
-0.557312
-0.5968323
-0.5701294
-0.5541992
-0.5853882
-0.5881958
-0.5897217
-0.6146851
-0.6134338
-0.5831604
-0.6278992
-0.6239014
-0.6286316
-0.6599731
-0.650238
-0.6765137
-0.6670837
-0.683136
-0.678894
-0.6930847
-0.6893311
-0.714447
-0.7056274
-0.7455444
-0.7261963
-0.7426758
-0.7433472
-0.7676697
-0.7512207
-0.7746277
-0.7673035
-0.7394104
-0.7755127
-0.8397217
-0.7770386
-0.8198242
-0.8098755
-0.7564392
-0.8058472
-0.8453979
-0.7994385
-0.8436279
-0.8331909
-0.8399658
-0.8392334
-0.8675537
-0.8437195
-0.8294373
-0.852478
-0.8291016
-0.8397217
-0.8504333
-0.8401184
-0.8329163
-0.8404236
-0.8319092
-0.829071
-0.8163757
-0.8269653
-0.8000793
-0.816803
-0.8075256
-0.8111267
-0.8015442
-0.8033142
-0.7893372
-0.7945862
-0.7752075
-0.7820129
-0.7929993
-0.7621155
-0.7406311
-0.7565308
-0.6991272
-0.7248535
-0.7324219
-0.7039185
-0.7029724
-0.6951599
-0.6733398
-0.6736145
-0.6758423
-0.6558533
-0.6928101
-0.6371765
-0.627594
-0.6274109
-0.5829468
-0.5905762
-0.6121521
-0.5676575
-0.5693359
-0.5591125
-0.5273438
-0.5271301
-0.5105896
-0.4996033
-0.5057678
-0.4839172
-0.4484558
-0.4716492
-0.4361267
-0.4423523
-0.4553528
-0.4302063
-0.3913269
-0.4177246
-0.3573303
-0.3866882
-0.3574829
-0.3676147
-0.3739624
-0.3586426
-0.3287659
-0.3490295
-0.3049011
-0.323761
-0.2936096
-0.3103333
-0.2336426
-0.2953186
-0.2602234
-0.2710876
-0.2528992
-0.2727661
-0.2088013
-0.2591553
-0.2379456
-0.2357178
-0.224762
-0.2377625
-0.1971436
-0.2250977
-0.2063293
-0.2134399
-0.1555786
-0.2106934
-0.1577148
-0.1918945
-0.1837463
-0.1889954
-0.1499634
-0.1888733
-0.1820679
-0.177002
-0.1845398
-0.181366
-0.1361389
-0.1728516
-0.147583
-0.1557922
-0.1319275
-0.1564636
-0.1347961
-0.1437378
-0.1774597
-0.1432495
-0.1404419
-0.1482849
-0.1205444
-0.1357727
-0.1370239
-0.1343994
-0.1440125
-0.1350098
-0.1500549
-0.1343689
-0.1426392
-0.1331482
-0.1372681
-0.1326599
-0.1521301
-0.132782
-0.1643982
-0.1342773
-0.1444397
-0.1387024
-0.1181335
-0.1348572
-0.1115417
-0.125061
-0.1457825
-0.1281738
-0.1723022
-0.1372375
-0.1746826
-0.1444092
-0.1401367
-0.1448669
-0.1395569
-0.1337585
-0.1753235
-0.1386719
-0.1438599
-0.1412964
-0.1343079
-0.1360168
-0.1520691
-0.1355591
-0.1512146
-0.1362
-0.1426086
-0.1385803
-0.1310425
-0.135437
-0.1252136
-0.1300659
-0.1330261
-0.1268921
-0.1424561
-0.1274719
-0.1403809
-0.125946
-0.1231689
-0.1242065
0.3514709
0.2946167
0.3185425
0.3132324
0.3135986
0.3006592
0.3371887
0.3040161
0.2601318
0.3066101
0.2891541
0.2846375
0.2961121
0.292511
0.234436
0.2878418
0.2825012
0.2731628
0.3038025
0.282959
0.2878723
0.2907715
0.2940979
0.2903137
0.3009949
0.287384
0.2773132
0.2849426
0.2371826
0.2731934
0.2392273
0.2647705
0.2923279
0.2716064
0.2691956
0.2860718
0.18927
0.2732239
0.2436829
0.252533
0.2844849
0.2681885
0.2533264
0.2760315
0.2088013
0.2652283
0.2634888
0.2536011
0.2610474
0.266449
0.1853638
0.2584229
0.2518005
0.2352295
0.2435303
0.2519531
0.2167969
0.2401733
0.2654724
0.2315063
0.2364197
0.2409973
0.2402039
0.2309265
0.2605896
0.2320557
0.2105103
0.2331238
0.1937866
0.2168274
0.2029114
0.2014465
0.2279663
0.1987305
0.2306519
0.2028198
0.2319031
0.2039185
0.2225647
0.1972046
0.2011414
0.1960144
0.1835632
0.1878967
0.1868896
0.1816101
0.192627
0.1777649
0.197876
0.175415
0.1641541
0.1780701
0.1527405
0.1600342
0.1853333
0.159668
0.1332397
0.1594238
0.1430969
0.1432495
0.1748352
0.1514587
0.141449
0.1566467
0.1625366
0.144165
0.1522217
0.1471863
0.1112976
0.1362
0.1756287
0.1247559
0.08187866
0.1385498
0.05355835
0.100708
0.1708374
0.1032104
0.04324341
0.1247864
0.1025696
0.08105469
0.1849976
0.1030884
0.0322876
0.1123657
0.11026
0.07833862
0.1127319
0.1006165
0.02249146
0.08810425
0.09555054
0.06314087
0.06072998
0.0798645
0.04309082
0.05874634
0.08383179
0.056427
0.006072998
0.06417847
0.01196289
0.03796387
0.06762695
0.04733276
0.04501343
0.05844116
0.01699829
0.04730225
0.01553345
0.03555298
0.03866577
0.03442383
0.01660156
0.02905273
0.007598877
0.0173645
0.03689575
0.01412964
0.05245972
0.01907349
0.01757813
0.01953125
-0.02807617
0.003631592
-0.02850342
-0.007965088
0.02880859
-0.004669189
-0.01339722
0.009216309
-0.02362061
-0.01092529
0.019104
-0.01257324
-0.07241821
-0.01077271
-0.04702759
-0.04138184
0.006378174
-0.03302002
-0.005462646
-0.02539063
-0.06524658
-0.03460693
-0.02706909
-0.05685425
0.007568359
-0.04324341
-0.148468
-0.0435791
-0.1124878
-0.09152222
-0.05203247
-0.07714844
-0.08792114
-0.0657959
-0.04885864
-0.07727051
-0.06387329
-0.06851196
-0.08630371
-0.07931519
-0.07241821
-0.08807373
-0.131897
-0.0824585
-0.1446533
-0.1020203
-0.09863281
-0.1051025
-0.1277466
-0.09753418
-0.1185303
-0.1060791
-0.1321411
-0.1006775
-0.1658325
-0.1158142
-0.09680176
-0.1228333
-0.1035767
-0.104126
-0.1672058
-0.1147461
-0.1465759
-0.1336365
-0.135376
-0.1308899
-0.1219177
-0.1297607
-0.1349487
-0.1326904
-0.1765747
-0.1436462
-0.149231
-0.1555481
-0.1469727
-0.1535034
-0.2036133
-0.1565247
-0.2073364
-0.1689148
-0.1965332
-0.1759033
-0.2018738
-0.1764221
-0.1945496
-0.1816711
-0.2376099
-0.1860962
-0.2032471
-0.2007141
-0.1636658
-0.188385
-0.2775269
-0.1873474
-0.2626343
-0.2280579
-0.1874084
-0.2198181
-0.2111206
-0.2086792
-0.2277222
-0.217865
-0.2784424
-0.2292786
-0.2966919
-0.2486572
-0.2828064
-0.2530518
-0.2838745
-0.2515564
-0.2679749
-0.2524719
-0.2501221
-0.2539673
-0.2421265
-0.2532959
-0.257019
-0.2595215
-0.2892456
-0.2660217
-0.3173218
-0.277771
-0.306427
-0.2926331
-0.2961121
-0.291626
-0.2971802
-0.2930298
-0.2818604
-0.2979431
-0.3389893
-0.3026123
-0.3276978
-0.3205261
-0.2807617
-0.3128052
-0.3505859
-0.3076172
-0.3554077
-0.3366089
-0.2962952
-0.335083
-0.2812805
-0.3200684
-0.3530273
-0.3238831
-0.372345
-0.3449402
-0.3309937
-0.3504639
-0.3461914
-0.3406067
-0.3545837
-0.3500671
-0.3486328
-0.3547363
-0.3431396
-0.3549194
-0.3456421
-0.3626099
-0.3363342
-0.368988
-0.3459167
-0.3681946
-0.3842468
-0.3769531
-0.4448242
-0.3939819
-0.3933105
-0.4061279
-0.326355
-0.3896484
-0.4317932
-0.3840942
-0.4028015
-0.4170837
-0.367157
-0.4036865
-0.4547119
-0.4010315
-0.4110107
-0.4225464
-0.4639282
-0.4093933
-0.494812
-0.4358826
-0.3727112
-0.4357605
-0.4823914
-0.4072876
-0.5126953
-0.4454041
-0.4173889
-0.4477844
-0.4691467
-0.4285583
-0.4761658
-0.443634
-0.4732056
-0.4496155
-0.4735413
-0.449707
-0.4747925
-0.4472351
-0.4848022
-0.4544067
-0.4910583
-0.460083
-0.4918518
-0.4691467
-0.4850159
-0.4763184
-0.4685364
-0.4747925
-0.4699097
-0.468689
-0.5445862
-0.4729309
-0.5105591
-0.4945068
-0.4753418
-0.4837341
-0.5207214
-0.479187
-0.4864197
-0.4909363
-0.4799805
-0.487793
-0.5079041
-0.4916687
-0.5271301
-0.5002747
-0.5399475
-0.5054016
-0.5360413
-0.5052795
-0.540863
-0.5038452
-0.547821
-0.5069275
-0.541626
-0.5152283
-0.5429688
-0.5139771
-0.5692749
-0.5195313
-0.5591736
-0.5326843
-0.5704041
-0.5279541
-0.5881958
-0.5332947
-0.553772
-0.5368042
-0.5790405
-0.5306702
-0.5894775
-0.5459595
-0.5677185
-0.5464478
-0.5933838
-0.5437317
-0.584259
-0.5592041
-0.5811157
-0.5565186
-0.6049194
-0.5585938
-0.5811157
-0.5682373
-0.5759583
-0.5646362
-0.5958252
-0.5620422
-0.5841064
-0.5700989
-0.5792236
-0.5731506
-0.5856628
-0.571991
-0.5889893
-0.5785828
-0.6185608
-0.5861511
-0.5628967
-0.5928345
-0.5243225
-0.5774231
-0.6087341
-0.5732117
-0.6032104
-0.5970154
-0.5917358
-0.5944824
-0.6074829
-0.591217
-0.6125488
-0.6033325
-0.6176758
-0.6036682
-0.6087646
-0.6073303
-0.6134949
-0.6157532
-0.5923157
-0.615448
-0.6087646
-0.6109314
-0.6269226
-0.6173096
-0.6181641
-0.625
-0.6059265
-0.6221924
-0.6191406
-0.6208496
-0.6439819
-0.6324768
-0.5992432
-0.6383667
-0.6612854
-0.6271973
-0.6748352
-0.6511536
-0.5666809
-0.651001
-0.6358337
-0.6228943
-0.6676941
-0.6491089
-0.6332092
-0.6494446
-0.6582031
-0.6402588
-0.6314697
-0.6477966
-0.6462097
-0.6364136
-0.6923828
-0.6466064
-0.6741943
-0.6573486
-0.6637878
-0.6488953
-0.6603699
-0.6505737
-0.6450195
-0.6533813
-0.6574097
-0.6501465
-0.6531982
-0.6543884
-0.6582031
-0.6520691
-0.67453
-0.6561584
-0.6582642
-0.6612549
-0.6528931
-0.6581726
-0.6610107
-0.6561279
-0.6950378
-0.6604004
-0.6163635
-0.6679688
-0.5744324
-0.6364136
-0.6830139
-0.6344604
-0.702179
-0.6677551
-0.6621704
-0.6661987
-0.6428528
-0.6577454
-0.6643066
-0.6535645
-0.6485596
-0.6582947
-0.652771
-0.655304
-0.6844788
-0.6534424
-0.6722717
-0.6584167
-0.6124878
-0.6582031
-0.6134644
-0.646637
-0.7013245
-0.6488037
-0.6425781
-0.6715088
-0.6075745
-0.6532288
-0.6557007
-0.6496582
-0.6470337
-0.6594543
-0.6690369
-0.658783
-0.660675
-0.6699829
-0.6362305
-0.6637573
-0.6543579
-0.6641235
-0.6835022
-0.6691895
-0.6755676
-0.6782837
-0.6259155
-0.6717224
-0.6750488
-0.6599426
-0.7010498
-0.6745605
-0.6510925
-0.6754456
-0.6440125
-0.6643066
-0.6462708
-0.6634216
-0.6456909
-0.6656494
-0.6254883
-0.6652832
-0.6565247
-0.668396
-0.6589355
-0.6772461
-0.6384277
-0.6760864
-0.6781616
-0.6707153
-0.6197205
-0.6835938
-0.6209717
-0.6682739
-0.6677856
-0.6694946
-0.5915527
-0.6857605
-0.606842
-0.6637878
-0.6672668
-0.6735229
-0.6652527
-0.6832886
-0.6296997
-0.6793518
-0.6358948
-0.6685486
-0.6651611
-0.671051
-0.6166992
-0.6734924
-0.6271057
-0.6542969
-0.6424561
-0.661438
-0.6304321
-0.664917
-0.6022949
-0.6600647
-0.6121826
-0.6475525
-0.6283875
-0.6553345
-0.5894165
-0.6561584
-0.6273193
-0.6468201
-0.6360168
-0.660553
-0.616272
-0.6571655
-0.6017456
-0.647583
-0.6102295
-0.6396179
-0.5878601
-0.6427612
-0.552002
-0.6296997
-0.5929565
-0.6217651
-0.6171875
-0.6337891
-0.6013184
-0.6358032
-0.5784912
-0.6282959
-0.6292419
-0.6227417
-0.6128845
-0.6383972
-0.5569153
-0.6238708
-0.6190186
-0.6126709
-0.6085205
-0.6265259
-0.5855713
-0.6179504
-0.6138306
-0.6185608
-0.5694275
-0.6216736
-0.5596313
-0.612793
-0.5711975
-0.6092834
-0.5801697
-0.6088867
-0.579071
-0.6092529
-0.5858459
-0.602478
-0.609436
-0.6080017
-0.5424805
-0.6059875
-0.5764771
-0.5888977
-0.5802307
-0.603302
-0.486145
-0.5895386
-0.5487061
-0.5585632
-0.5832214
-0.5726929
-0.5568542
-0.5762024
-0.561615
-0.5617065
-0.5322571
-0.5571594
-0.5503845
-0.5486145
-0.5674438
-0.5534973
-0.5000916
-0.5535889
-0.5050964
-0.5319824
-0.5539856
-0.5323486
-0.545929
-0.5411987
-0.5014038
-0.5387878
-0.518219
-0.5224609
-0.5653381
-0.5265503
-0.5312805
-0.5388489
-0.5164185
-0.5239563
-0.511261
-0.5193787
-0.4899902
-0.5115356
-0.4859924
-0.5040894
-0.4879456
-0.5020752
-0.4900513
-0.4960022
-0.4770203
-0.4921265
-0.4916992
-0.4865417
-0.5150757
-0.4919434
-0.5116577
-0.4923706
-0.5163269
-0.4883118
-0.4351196
-0.4874878
-0.4413757
-0.4602661
-0.5352478
-0.4642944
-0.4408875
-0.4827271
-0.4376831
-0.4524841
-0.4937439
-0.4561768
-0.4766541
-0.465332
-0.4838257
-0.4614258
-0.5014648
-0.4694824
-0.5065308
-0.4753418
-0.4408569
-0.4776611
-0.4865112
-0.4629517
-0.5256348
-0.4814758
-0.4858398
-0.4934998
-0.5130615
-0.4934387
-0.5092773
-0.512146
-0.4990845
-0.517395
-0.5316772
-0.530426
-0.5448914
-0.5491638
-0.5710144
-0.557312
-0.5968323
-0.5701294
-0.5541992
-0.5853882
-0.5881958
-0.5897217
-0.6146851
-0.6134338
-0.5831604
-0.6278992
-0.6239014
-0.6286316
-0.6599731
-0.650238
-0.6765137
-0.6670837
-0.683136
-0.678894
-0.6930847
-0.6893311
-0.714447
-0.7056274
-0.7455444
-0.7261963
-0.7426758
-0.7433472
-0.7676697
-0.7512207
-0.7746277
-0.7673035
-0.7394104
-0.7755127
-0.8397217
-0.7770386
-0.8198242
-0.8098755
-0.7564392
-0.8058472
-0.8453979
-0.7994385
-0.8436279
-0.8331909
-0.8399658
-0.8392334
-0.8675537
-0.8437195
-0.8294373
-0.852478
-0.8291016
-0.8397217
-0.8504333
-0.8401184
-0.8329163
-0.8404236
-0.8319092
-0.829071
-0.8163757
-0.8269653
-0.8000793
-0.816803
-0.8075256
-0.8111267
-0.8015442
-0.8033142
-0.7893372
-0.7945862
-0.7752075
-0.7820129
-0.7929993
-0.7621155
-0.7406311
-0.7565308
-0.6991272
-0.7248535
-0.7324219
-0.7039185
-0.7029724
-0.6951599
-0.6733398
-0.6736145
-0.6758423
-0.6558533
-0.6928101
-0.6371765
-0.627594
-0.6274109
-0.5829468
-0.5905762
-0.6121521
-0.5676575
-0.5693359
-0.5591125
-0.5273438
-0.5271301
-0.5105896
-0.4996033
-0.5057678
-0.4839172
-0.4484558
-0.4716492
-0.4361267
-0.4423523
-0.4553528
-0.4302063
-0.3913269
-0.4177246
-0.3573303
-0.3866882
-0.3574829
-0.3676147
-0.3739624
-0.3586426
-0.3287659
-0.3490295
-0.3049011
-0.323761
-0.2936096
-0.3103333
-0.2336426
-0.2953186
-0.2602234
-0.2710876
-0.2528992
-0.2727661
-0.2088013
-0.2591553
-0.2379456
-0.2357178
-0.224762
-0.2377625
-0.1971436
-0.2250977
-0.2063293
-0.2134399
-0.1555786
-0.2106934
-0.1577148
-0.1918945
-0.1837463
-0.1889954
-0.1499634
-0.1888733
-0.1820679
-0.177002
-0.1845398
-0.181366
-0.1361389
-0.1728516
-0.147583
-0.1557922
-0.1319275
-0.1564636
-0.1347961
-0.1437378
-0.1774597
-0.1432495
-0.1404419
-0.1482849
-0.1205444
-0.1357727
-0.1370239
-0.1343994
-0.1440125
-0.1350098
-0.1500549
-0.1343689
-0.1426392
-0.1331482
-0.1372681
-0.1326599
-0.1521301
-0.132782
-0.1643982
-0.1342773
-0.1444397
-0.1387024
-0.1181335
-0.1348572
-0.1115417
-0.125061
-0.1457825
-0.1281738
-0.1723022
-0.1372375
-0.1746826
-0.1444092
-0.1401367
-0.1448669
-0.1395569
-0.1337585
-0.1753235
-0.1386719
-0.1438599
-0.1412964
-0.1343079
-0.1360168
-0.1520691
-0.1355591
-0.1512146
-0.1362
-0.1426086
-0.1385803
-0.1310425
-0.135437
-0.1252136
-0.1300659
-0.1330261
-0.1268921
-0.1424561
-0.1274719
-0.1403809
-0.125946
-0.1231689
-0.1242065
0.3514709
0.2946167
0.3185425
0.3132324
0.3135986
0.3006592
0.3371887
0.3040161
0.2601318
0.3066101
0.2891541
0.2846375
0.2961121
0.292511
0.234436
0.2878418
0.2825012
0.2731628
0.3038025
0.282959
0.2878723
0.2907715
0.2940979
0.2903137
0.3009949
0.287384
0.2773132
0.2849426
0.2371826
0.2731934
0.2392273
0.2647705
0.2923279
0.2716064
0.2691956
0.2860718
0.18927
0.2732239
0.2436829
0.252533
0.2844849
0.2681885
0.2533264
0.2760315
0.2088013
0.2652283
0.2634888
0.2536011
0.2610474
0.266449
0.1853638
0.2584229
0.2518005
0.2352295
0.2435303
0.2519531
0.2167969
0.2401733
0.2654724
0.2315063
0.2364197
0.2409973
0.2402039
0.2309265
0.2605896
0.2320557
0.2105103
0.2331238
0.1937866
0.2168274
0.2029114
0.2014465
0.2279663
0.1987305
0.2306519
0.2028198
0.2319031
0.2039185
0.2225647
0.1972046
0.2011414
0.1960144
0.1835632
0.1878967
0.1868896
0.1816101
0.192627
0.1777649
0.197876
0.175415
0.1641541
0.1780701
0.1527405
0.1600342
0.1853333
0.159668
0.1332397
0.1594238
0.1430969
0.1432495
0.1748352
0.1514587
0.141449
0.1566467
0.1625366
0.144165
0.1522217
0.1471863
0.1112976
0.1362
0.1756287
0.1247559
0.08187866
0.1385498
0.05355835
0.100708
0.1708374
0.1032104
0.04324341
0.1247864
0.1025696
0.08105469
0.1849976
0.1030884
0.0322876
0.1123657
0.11026
0.07833862
0.1127319
0.1006165
0.02249146
0.08810425
0.09555054
0.06314087
0.06072998
0.0798645
0.04309082
0.05874634
0.08383179
0.056427
0.006072998
0.06417847
0.01196289
0.03796387
0.06762695
0.04733276
0.04501343
0.05844116
0.01699829
0.04730225
0.01553345
0.03555298
0.03866577
0.03442383
0.01660156
0.02905273
0.007598877
0.0173645
0.03689575
0.01412964
0.05245972
0.01907349
0.01757813
0.01953125
-0.02807617
0.003631592
-0.02850342
-0.007965088
0.02880859
-0.004669189
-0.01339722
0.009216309
-0.02362061
-0.01092529
0.019104
-0.01257324
-0.07241821
-0.01077271
-0.04702759
-0.04138184
0.006378174
-0.03302002
-0.005462646
-0.02539063
-0.06524658
-0.03460693
-0.02706909
-0.05685425
0.007568359
-0.04324341
-0.148468
-0.0435791
-0.1124878
-0.09152222
-0.05203247
-0.07714844
-0.08792114
-0.0657959
-0.04885864
-0.07727051
-0.06387329
-0.06851196
-0.08630371
-0.07931519
-0.07241821
-0.08807373
-0.131897
-0.0824585
-0.1446533
-0.1020203
-0.09863281
-0.1051025
-0.1277466
-0.09753418
-0.1185303
-0.1060791
-0.1321411
-0.1006775
-0.1658325
-0.1158142
-0.09680176
-0.1228333
-0.1035767
-0.104126
-0.1672058
-0.1147461
-0.1465759
-0.1336365
-0.135376
-0.1308899
-0.1219177
-0.1297607
-0.1349487
-0.1326904
-0.1765747
-0.1436462
-0.149231
-0.1555481
-0.1469727
-0.1535034
-0.2036133
-0.1565247
-0.2073364
-0.1689148
-0.1965332
-0.1759033
-0.2018738
-0.1764221
-0.1945496
-0.1816711
-0.2376099
-0.1860962
-0.2032471
-0.2007141
-0.1636658
-0.188385
-0.2775269
-0.1873474
-0.2626343
-0.2280579
-0.1874084
-0.2198181
-0.2111206
-0.2086792
-0.2277222
-0.217865
-0.2784424
-0.2292786
-0.2966919
-0.2486572
-0.2828064
-0.2530518
-0.2838745
-0.2515564
-0.2679749
-0.2524719
-0.2501221
-0.2539673
-0.2421265
-0.2532959
-0.257019
-0.2595215
-0.2892456
-0.2660217
-0.3173218
-0.277771
-0.306427
-0.2926331
-0.2961121
-0.291626
-0.2971802
-0.2930298
-0.2818604
-0.2979431
-0.3389893
-0.3026123
-0.3276978
-0.3205261
-0.2807617
-0.3128052
-0.3505859
-0.3076172
-0.3554077
-0.3366089
-0.2962952
-0.335083
-0.2812805
-0.3200684
-0.3530273
-0.3238831
-0.372345
-0.3449402
-0.3309937
-0.3504639
-0.3461914
-0.3406067
-0.3545837
-0.3500671
-0.3486328
-0.3547363
-0.3431396
-0.3549194
-0.3456421
-0.3626099
-0.3363342
-0.368988
-0.3459167
-0.3681946
-0.3842468
-0.3769531
-0.4448242
-0.3939819
-0.3933105
-0.4061279
-0.326355
-0.3896484
-0.4317932
-0.3840942
-0.4028015
-0.4170837
-0.367157
-0.4036865
-0.4547119
-0.4010315
-0.4110107
-0.4225464
-0.4639282
-0.4093933
-0.494812
-0.4358826
-0.3727112
-0.4357605
-0.4823914
-0.4072876
-0.5126953
-0.4454041
-0.4173889
-0.4477844
-0.4691467
-0.4285583
-0.4761658
-0.443634
-0.4732056
-0.4496155
-0.4735413
-0.449707
-0.4747925
-0.4472351
-0.4848022
-0.4544067
-0.4910583
-0.460083
-0.4918518
-0.4691467
-0.4850159
-0.4763184
-0.4685364
-0.4747925
-0.4699097
-0.468689
-0.5445862
-0.4729309
-0.5105591
-0.4945068
-0.4753418
-0.4837341
-0.5207214
-0.479187
-0.4864197
-0.4909363
-0.4799805
-0.487793
-0.5079041
-0.4916687
-0.5271301
-0.5002747
-0.5399475
-0.5054016
-0.5360413
-0.5052795
-0.540863
-0.5038452
-0.547821
-0.5069275
-0.541626
-0.5152283
-0.5429688
-0.5139771
-0.5692749
-0.5195313
-0.5591736
-0.5326843
-0.5704041
-0.5279541
-0.5881958
-0.5332947
-0.553772
-0.5368042
-0.5790405
-0.5306702
-0.5894775
-0.5459595
-0.5677185
-0.5464478
-0.5933838
-0.5437317
-0.584259
-0.5592041
-0.5811157
-0.5565186
-0.6049194
-0.5585938
-0.5811157
-0.5682373
-0.5759583
-0.5646362
-0.5958252
-0.5620422
-0.5841064
-0.5700989
-0.5792236
-0.5731506
-0.5856628
-0.571991
-0.5889893
-0.5785828
-0.6185608
-0.5861511
-0.5628967
-0.5928345
-0.5243225
-0.5774231
-0.6087341
-0.5732117
-0.6032104
-0.5970154
-0.5917358
-0.5944824
-0.6074829
-0.591217
-0.6125488
-0.6033325
-0.6176758
-0.6036682
-0.6087646
-0.6073303
-0.6134949
-0.6157532
-0.5923157
-0.615448
-0.6087646
-0.6109314
-0.6269226
-0.6173096
-0.6181641
-0.625
-0.6059265
-0.6221924
-0.6191406
-0.6208496
-0.6439819
-0.6324768
-0.5992432
-0.6383667
-0.6612854
-0.6271973
-0.6748352
-0.6511536
-0.5666809
-0.651001
-0.6358337
-0.6228943
-0.6676941
-0.6491089
-0.6332092
-0.6494446
-0.6582031
-0.6402588
-0.6314697
-0.6477966
-0.6462097
-0.6364136
-0.6923828
-0.6466064
-0.6741943
-0.6573486
-0.6637878
-0.6488953
-0.6603699
-0.6505737
-0.6450195
-0.6533813
-0.6574097
-0.6501465
-0.6531982
-0.6543884
-0.6582031
-0.6520691
-0.67453
-0.6561584
-0.6582642
-0.6612549
-0.6528931
-0.6581726
-0.6610107
-0.6561279
-0.6950378
-0.6604004
-0.6163635
-0.6679688
-0.5744324
-0.6364136
-0.6830139
-0.6344604
-0.702179
-0.6677551
-0.6621704
-0.6661987
-0.6428528
-0.6577454
-0.6643066
-0.6535645
-0.6485596
-0.6582947
-0.652771
-0.655304
-0.6844788
-0.6534424
-0.6722717
-0.6584167
-0.6124878
-0.6582031
-0.6134644
-0.646637
-0.7013245
-0.6488037
-0.6425781
-0.6715088
-0.6075745
-0.6532288
-0.6557007
-0.6496582
-0.6470337
-0.6594543
-0.6690369
-0.658783
-0.660675
-0.6699829
-0.6362305
-0.6637573
-0.6543579
-0.6641235
-0.6835022
-0.6691895
-0.6755676
-0.6782837
-0.6259155
-0.6717224
-0.6750488
-0.6599426
-0.7010498
-0.6745605
-0.6510925
-0.6754456
-0.6440125
-0.6643066
-0.6462708
-0.6634216
-0.6456909
-0.6656494
-0.6254883
-0.6652832
-0.6565247
-0.668396
-0.6589355
-0.6772461
-0.6384277
-0.6760864
-0.6781616
-0.6707153
-0.6197205
-0.6835938
-0.6209717
-0.6682739
-0.6677856
-0.6694946
-0.5915527
-0.6857605
-0.606842
-0.6637878
-0.6672668
-0.6735229
-0.6652527
-0.6832886
-0.6296997
-0.6793518
-0.6358948
-0.6685486
-0.6651611
-0.671051
-0.6166992
-0.6734924
-0.6271057
-0.6542969
-0.6424561
-0.661438
-0.6304321
-0.664917
-0.6022949
-0.6600647
-0.6121826
-0.6475525
-0.6283875
-0.6553345
-0.5894165
-0.6561584
-0.6273193
-0.6468201
-0.6360168
-0.660553
-0.616272
-0.6571655
-0.6017456
-0.647583
-0.6102295
-0.6396179
-0.5878601
-0.6427612
-0.552002
-0.6296997
-0.5929565
-0.6217651
-0.6171875
-0.6337891
-0.6013184
-0.6358032
-0.5784912
-0.6282959
-0.6292419
-0.6227417
-0.6128845
-0.6383972
-0.5569153
-0.6238708
-0.6190186
-0.6126709
-0.6085205
-0.6265259
-0.5855713
-0.6179504
-0.6138306
-0.6185608
-0.5694275
-0.6216736
-0.5596313
-0.612793
-0.5711975
-0.6092834
-0.5801697
-0.6088867
-0.579071
-0.6092529
-0.5858459
-0.602478
-0.609436
-0.6080017
-0.5424805
-0.6059875
-0.5764771
-0.5888977
-0.5802307
-0.603302
-0.486145
-0.5895386
-0.5487061
-0.5585632
-0.5832214
-0.5726929
-0.5568542
-0.5762024
-0.561615
-0.5617065
-0.5322571
-0.5571594
-0.5503845
-0.5486145
-0.5674438
-0.5534973
-0.5000916
-0.5535889
-0.5050964
-0.5319824
-0.5539856
-0.5323486
-0.545929
-0.5411987
-0.5014038
-0.5387878
-0.518219
-0.5224609
-0.5653381
-0.5265503
-0.5312805
-0.5388489
-0.5164185
-0.5239563
-0.511261
-0.5193787
-0.4899902
-0.5115356
-0.4859924
-0.5040894
-0.4879456
-0.5020752
-0.4900513
-0.4960022
-0.4770203
-0.4921265
-0.4916992
-0.4865417
-0.5150757
-0.4919434
-0.5116577
-0.4923706
-0.5163269
-0.4883118
-0.4351196
-0.4874878
-0.4413757
-0.4602661
-0.5352478
-0.4642944
-0.4408875
-0.4827271
-0.4376831
-0.4524841
-0.4937439
-0.4561768
-0.4766541
-0.465332
-0.4838257
-0.4614258
-0.5014648
-0.4694824
-0.5065308
-0.4753418
-0.4408569
-0.4776611
-0.4865112
-0.4629517
-0.5256348
-0.4814758
-0.4858398
-0.4934998
-0.5130615
-0.4934387
-0.5092773
-0.512146
-0.4990845
-0.517395
-0.5316772
-0.530426
-0.5448914
-0.5491638
-0.5710144
-0.557312
-0.5968323
-0.5701294
-0.5541992
-0.5853882
-0.5881958
-0.5897217
-0.6146851
-0.6134338
-0.5831604
-0.6278992
-0.6239014
-0.6286316
-0.6599731
-0.650238
-0.6765137
-0.6670837
-0.683136
-0.678894
-0.6930847
-0.6893311
-0.714447
-0.7056274
-0.7455444
-0.7261963
-0.7426758
-0.7433472
-0.7676697
-0.7512207
-0.7746277
-0.7673035
-0.7394104
-0.7755127
-0.8397217
-0.7770386
-0.8198242
-0.8098755
-0.7564392
-0.8058472
-0.8453979
-0.7994385
-0.8436279
-0.8331909
-0.8399658
-0.8392334
-0.8675537
-0.8437195
-0.8294373
-0.852478
-0.8291016
-0.8397217
-0.8504333
-0.8401184
-0.8329163
-0.8404236
-0.8319092
-0.829071
-0.8163757
-0.8269653
-0.8000793
-0.816803
-0.8075256
-0.8111267
-0.8015442
-0.8033142
-0.7893372
-0.7945862
-0.7752075
-0.7820129
-0.7929993
-0.7621155
-0.7406311
-0.7565308
-0.6991272
-0.7248535
-0.7324219
-0.7039185
-0.7029724
-0.6951599
-0.6733398
-0.6736145
-0.6758423
-0.6558533
-0.6928101
-0.6371765
-0.627594
-0.6274109
-0.5829468
-0.5905762
-0.6121521
-0.5676575
-0.5693359
-0.5591125
-0.5273438
-0.5271301
-0.5105896
-0.4996033
-0.5057678
-0.4839172
-0.4484558
-0.4716492
-0.4361267
-0.4423523
-0.4553528
-0.4302063
-0.3913269
-0.4177246
-0.3573303
-0.3866882
-0.3574829
-0.3676147
-0.3739624
-0.3586426
-0.3287659
-0.3490295
-0.3049011
-0.323761
-0.2936096
-0.3103333
-0.2336426
-0.2953186
-0.2602234
-0.2710876
-0.2528992
-0.2727661
-0.2088013
-0.2591553
-0.2379456
-0.2357178
-0.224762
-0.2377625
-0.1971436
-0.2250977
-0.2063293
-0.2134399
-0.1555786
-0.2106934
-0.1577148
-0.1918945
-0.1837463
-0.1889954
-0.1499634
-0.1888733
-0.1820679
-0.177002
-0.1845398
-0.181366
-0.1361389
-0.1728516
-0.147583
-0.1557922
-0.1319275
-0.1564636
-0.1347961
-0.1437378
-0.1774597
-0.1432495
-0.1404419
-0.1482849
-0.1205444
-0.1357727
-0.1370239
-0.1343994
-0.1440125
-0.1350098
-0.1500549
-0.1343689
-0.1426392
-0.1331482
-0.1372681
-0.1326599
-0.1521301
-0.132782
-0.1643982
-0.1342773
-0.1444397
-0.1387024
-0.1181335
-0.1348572
-0.1115417
-0.125061
-0.1457825
-0.1281738
-0.1723022
-0.1372375
-0.1746826
-0.1444092
-0.1401367
-0.1448669
-0.1395569
-0.1337585
-0.1753235
-0.1386719
-0.1438599
-0.1412964
-0.1343079
-0.1360168
-0.1520691
-0.1355591
-0.1512146
-0.1362
-0.1426086
-0.1385803
-0.1310425
-0.135437
-0.1252136
-0.1300659
-0.1330261
-0.1268921
-0.1424561
-0.1274719
-0.1403809
-0.125946
-0.1231689
-0.1242065
0.3514709
0.2946167
0.3185425
0.3132324
0.3135986
0.3006592
0.3371887
0.3040161
0.2601318
0.3066101
0.2891541
0.2846375
0.2961121
0.292511
0.234436
0.2878418
0.2825012
0.2731628
0.3038025
0.282959
0.2878723
0.2907715
0.2940979
0.2903137
0.3009949
0.287384
0.2773132
0.2849426
0.2371826
0.2731934
0.2392273
0.2647705
0.2923279
0.2716064
0.2691956
0.2860718
0.18927
0.2732239
0.2436829
0.252533
0.2844849
0.2681885
0.2533264
0.2760315
0.2088013
0.2652283
0.2634888
0.2536011
0.2610474
0.266449
0.1853638
0.2584229
0.2518005
0.2352295
0.2435303
0.2519531
0.2167969
0.2401733
0.2654724
0.2315063
0.2364197
0.2409973
0.2402039
0.2309265
0.2605896
0.2320557
0.2105103
0.2331238
0.1937866
0.2168274
0.2029114
0.2014465
0.2279663
0.1987305
0.2306519
0.2028198
0.2319031
0.2039185
0.2225647
0.1972046
0.2011414
0.1960144
0.1835632
0.1878967
0.1868896
0.1816101
0.192627
0.1777649
0.197876
0.175415
0.1641541
0.1780701
0.1527405
0.1600342
0.1853333
0.159668
0.1332397
0.1594238
0.1430969
0.1432495
0.1748352
0.1514587
0.141449
0.1566467
0.1625366
0.144165
0.1522217
0.1471863
0.1112976
0.1362
0.1756287
0.1247559
0.08187866
0.1385498
0.05355835
0.100708
0.1708374
0.1032104
0.04324341
0.1247864
0.1025696
0.08105469
0.1849976
0.1030884
0.0322876
0.1123657
0.11026
0.07833862
0.1127319
0.1006165
0.02249146
0.08810425
0.09555054
0.06314087
0.06072998
0.0798645
0.04309082
0.05874634
0.08383179
0.056427
0.006072998
0.06417847
0.01196289
0.03796387
0.06762695
0.04733276
0.04501343
0.05844116
0.01699829
0.04730225
0.01553345
0.03555298
0.03866577
0.03442383
0.01660156
0.02905273
0.007598877
0.0173645
0.03689575
0.01412964
0.05245972
0.01907349
0.01757813
0.01953125
-0.02807617
0.003631592
-0.02850342
-0.007965088
0.02880859
-0.004669189
-0.01339722
0.009216309
-0.02362061
-0.01092529
0.019104
-0.01257324
-0.07241821
-0.01077271
-0.04702759
-0.04138184
0.006378174
-0.03302002
-0.005462646
-0.02539063
-0.06524658
-0.03460693
-0.02706909
-0.05685425
0.007568359
-0.04324341
-0.148468
-0.0435791
-0.1124878
-0.09152222
-0.05203247
-0.07714844
-0.08792114
-0.0657959
-0.04885864
-0.07727051
-0.06387329
-0.06851196
-0.08630371
-0.07931519
-0.07241821
-0.08807373
-0.131897
-0.0824585
-0.1446533
-0.1020203
-0.09863281
-0.1051025
-0.1277466
-0.09753418
-0.1185303
-0.1060791
-0.1321411
-0.1006775
-0.1658325
-0.1158142
-0.09680176
-0.1228333
-0.1035767
-0.104126
-0.1672058
-0.1147461
-0.1465759
-0.1336365
-0.135376
-0.1308899
-0.1219177
-0.1297607
-0.1349487
-0.1326904
-0.1765747
-0.1436462
-0.149231
-0.1555481
-0.1469727
-0.1535034
-0.2036133
-0.1565247
-0.2073364
-0.1689148
-0.1965332
-0.1759033
-0.2018738
-0.1764221
-0.1945496
-0.1816711
-0.2376099
-0.1860962
-0.2032471
-0.2007141
-0.1636658
-0.188385
-0.2775269
-0.1873474
-0.2626343
-0.2280579
-0.1874084
-0.2198181
-0.2111206
-0.2086792
-0.2277222
-0.217865
-0.2784424
-0.2292786
-0.2966919
-0.2486572
-0.2828064
-0.2530518
-0.2838745
-0.2515564
-0.2679749
-0.2524719
-0.2501221
-0.2539673
-0.2421265
-0.2532959
-0.257019
-0.2595215
-0.2892456
-0.2660217
-0.3173218
-0.277771
-0.306427
-0.2926331
-0.2961121
-0.291626
-0.2971802
-0.2930298
-0.2818604
-0.2979431
-0.3389893
-0.3026123
-0.3276978
-0.3205261
-0.2807617
-0.3128052
-0.3505859
-0.3076172
-0.3554077
-0.3366089
-0.2962952
-0.335083
-0.2812805
-0.3200684
-0.3530273
-0.3238831
-0.372345
-0.3449402
-0.3309937
-0.3504639
-0.3461914
-0.3406067
-0.3545837
-0.3500671
-0.3486328
-0.3547363
-0.3431396
-0.3549194
-0.3456421
-0.3626099
-0.3363342
-0.368988
-0.3459167
-0.3681946
-0.3842468
-0.3769531
-0.4448242
-0.3939819
-0.3933105
-0.4061279
-0.326355
-0.3896484
-0.4317932
-0.3840942
-0.4028015
-0.4170837
-0.367157
-0.4036865
-0.4547119
-0.4010315
-0.4110107
-0.4225464
-0.4639282
-0.4093933
-0.494812
-0.4358826
-0.3727112
-0.4357605
-0.4823914
-0.4072876
-0.5126953
-0.4454041
-0.4173889
-0.4477844
-0.4691467
-0.4285583
-0.4761658
-0.443634
-0.4732056
-0.4496155
-0.4735413
-0.449707
-0.4747925
-0.4472351
-0.4848022
-0.4544067
-0.4910583
-0.460083
-0.4918518
-0.4691467
-0.4850159
-0.4763184
-0.4685364
-0.4747925
-0.4699097
-0.468689
-0.5445862
-0.4729309
-0.5105591
-0.4945068
-0.4753418
-0.4837341
-0.5207214
-0.479187
-0.4864197
-0.4909363
-0.4799805
-0.487793
-0.5079041
-0.4916687
-0.5271301
-0.5002747
-0.5399475
-0.5054016
-0.5360413
-0.5052795
-0.540863
-0.5038452
-0.547821
-0.5069275
-0.541626
-0.5152283
-0.5429688
-0.5139771
-0.5692749
-0.5195313
-0.5591736
-0.5326843
-0.5704041
-0.5279541
-0.5881958
-0.5332947
-0.553772
-0.5368042
-0.5790405
-0.5306702
-0.5894775
-0.5459595
-0.5677185
-0.5464478
-0.5933838
-0.5437317
-0.584259
-0.5592041
-0.5811157
-0.5565186
-0.6049194
-0.5585938
-0.5811157
-0.5682373
-0.5759583
-0.5646362
-0.5958252
-0.5620422
-0.5841064
-0.5700989
-0.5792236
-0.5731506
-0.5856628
-0.571991
-0.5889893
-0.5785828
-0.6185608
-0.5861511
-0.5628967
-0.5928345
-0.5243225
-0.5774231
-0.6087341
-0.5732117
-0.6032104
-0.5970154
-0.5917358
-0.5944824
-0.6074829
-0.591217
-0.6125488
-0.6033325
-0.6176758
-0.6036682
-0.6087646
-0.6073303
-0.6134949
-0.6157532
-0.5923157
-0.615448
-0.6087646
-0.6109314
-0.6269226
-0.6173096
-0.6181641
-0.625
-0.6059265
-0.6221924
-0.6191406
-0.6208496
-0.6439819
-0.6324768
-0.5992432
-0.6383667
-0.6612854
-0.6271973
-0.6748352
-0.6511536
-0.5666809
-0.651001
-0.6358337
-0.6228943
-0.6676941
-0.6491089
-0.6332092
-0.6494446
-0.6582031
-0.6402588
-0.6314697
-0.6477966
-0.6462097
-0.6364136
-0.6923828
-0.6466064
-0.6741943
-0.6573486
-0.6637878
-0.6488953
-0.6603699
-0.6505737
-0.6450195
-0.6533813
-0.6574097
-0.6501465
-0.6531982
-0.6543884
-0.6582031
-0.6520691
-0.67453
-0.6561584
-0.6582642
-0.6612549
-0.6528931
-0.6581726
-0.6610107
-0.6561279
-0.6950378
-0.6604004
-0.6163635
-0.6679688
-0.5744324
-0.6364136
-0.6830139
-0.6344604
-0.702179
-0.6677551
-0.6621704
-0.6661987
-0.6428528
-0.6577454
-0.6643066
-0.6535645
-0.6485596
-0.6582947
-0.652771
-0.655304
-0.6844788
-0.6534424
-0.6722717
-0.6584167
-0.6124878
-0.6582031
-0.6134644
-0.646637
-0.7013245
-0.6488037
-0.6425781
-0.6715088
-0.6075745
-0.6532288
-0.6557007
-0.6496582
-0.6470337
-0.6594543
-0.6690369
-0.658783
-0.660675
-0.6699829
-0.6362305
-0.6637573
-0.6543579
-0.6641235
-0.6835022
-0.6691895
-0.6755676
-0.6782837
-0.6259155
-0.6717224
-0.6750488
-0.6599426
-0.7010498
-0.6745605
-0.6510925
-0.6754456
-0.6440125
-0.6643066
-0.6462708
-0.6634216
-0.6456909
-0.6656494
-0.6254883
-0.6652832
-0.6565247
-0.668396
-0.6589355
-0.6772461
-0.6384277
-0.6760864
-0.6781616
-0.6707153
-0.6197205
-0.6835938
-0.6209717
-0.6682739
-0.6677856
-0.6694946
-0.5915527
-0.6857605
-0.606842
-0.6637878
-0.6672668
-0.6735229
-0.6652527
-0.6832886
-0.6296997
-0.6793518
-0.6358948
-0.6685486
-0.6651611
-0.671051
-0.6166992
-0.6734924
-0.6271057
-0.6542969
-0.6424561
-0.661438
-0.6304321
-0.664917
-0.6022949
-0.6600647
-0.6121826
-0.6475525
-0.6283875
-0.6553345
-0.5894165
-0.6561584
-0.6273193
-0.6468201
-0.6360168
-0.660553
-0.616272
-0.6571655
-0.6017456
-0.647583
-0.6102295
-0.6396179
-0.5878601
-0.6427612
-0.552002
-0.6296997
-0.5929565
-0.6217651
-0.6171875
-0.6337891
-0.6013184
-0.6358032
-0.5784912
-0.6282959
-0.6292419
-0.6227417
-0.6128845
-0.6383972
-0.5569153
-0.6238708
-0.6190186
-0.6126709
-0.6085205
-0.6265259
-0.5855713
-0.6179504
-0.6138306
-0.6185608
-0.5694275
-0.6216736
-0.5596313
-0.612793
-0.5711975
-0.6092834
-0.5801697
-0.6088867
-0.579071
-0.6092529
-0.5858459
-0.602478
-0.609436
-0.6080017
-0.5424805
-0.6059875
-0.5764771
-0.5888977
-0.5802307
-0.603302
-0.486145
-0.5895386
-0.5487061
-0.5585632
-0.5832214
-0.5726929
-0.5568542
-0.5762024
-0.561615
-0.5617065
-0.5322571
-0.5571594
-0.5503845
-0.5486145
-0.5674438
-0.5534973
-0.5000916
-0.5535889
-0.5050964
-0.5319824
-0.5539856
-0.5323486
-0.545929
-0.5411987
-0.5014038
-0.5387878
-0.518219
-0.5224609
-0.5653381
-0.5265503
-0.5312805
-0.5388489
-0.5164185
-0.5239563
-0.511261
-0.5193787
-0.4899902
-0.5115356
-0.4859924
-0.5040894
-0.4879456
-0.5020752
-0.4900513
-0.4960022
-0.4770203
-0.4921265
-0.4916992
-0.4865417
-0.5150757
-0.4919434
-0.5116577
-0.4923706
-0.5163269
-0.4883118
-0.4351196
-0.4874878
-0.4413757
-0.4602661
-0.5352478
-0.4642944
-0.4408875
-0.4827271
-0.4376831
-0.4524841
-0.4937439
-0.4561768
-0.4766541
-0.465332
-0.4838257
-0.4614258
-0.5014648
-0.4694824
-0.5065308
-0.4753418
-0.4408569
-0.4776611
-0.4865112
-0.4629517
-0.5256348
-0.4814758
-0.4858398
-0.4934998
-0.5130615
-0.4934387
-0.5092773
-0.512146
-0.4990845
-0.517395
-0.5316772
-0.530426
-0.5448914
-0.5491638
-0.5710144
-0.557312
-0.5968323
-0.5701294
-0.5541992
-0.5853882
-0.5881958
-0.5897217
-0.6146851
-0.6134338
-0.5831604
-0.6278992
-0.6239014
-0.6286316
-0.6599731
-0.650238
-0.6765137
-0.6670837
-0.683136
-0.678894
-0.6930847
-0.6893311
-0.714447
-0.7056274
-0.7455444
-0.7261963
-0.7426758
-0.7433472
-0.7676697
-0.7512207
-0.7746277
-0.7673035
-0.7394104
-0.7755127
-0.8397217
-0.7770386
-0.8198242
-0.8098755
-0.7564392
-0.8058472
-0.8453979
-0.7994385
-0.8436279
-0.8331909
-0.8399658
-0.8392334
-0.8675537
-0.8437195
-0.8294373
-0.852478
-0.8291016
-0.8397217
-0.8504333
-0.8401184
-0.8329163
-0.8404236
-0.8319092
-0.829071
-0.8163757
-0.8269653
-0.8000793
-0.816803
-0.8075256
-0.8111267
-0.8015442
-0.8033142
-0.7893372
-0.7945862
-0.7752075
-0.7820129
-0.7929993
-0.7621155
-0.7406311
-0.7565308
-0.6991272
-0.7248535
-0.7324219
-0.7039185
-0.7029724
-0.6951599
-0.6733398
-0.6736145
-0.6758423
-0.6558533
-0.6928101
-0.6371765
-0.627594
-0.6274109
-0.5829468
-0.5905762
-0.6121521
-0.5676575
-0.5693359
-0.5591125
-0.5273438
-0.5271301
-0.5105896
-0.4996033
-0.5057678
-0.4839172
-0.4484558
-0.4716492
-0.4361267
-0.4423523
-0.4553528
-0.4302063
-0.3913269
-0.4177246
-0.3573303
-0.3866882
-0.3574829
-0.3676147
-0.3739624
-0.3586426
-0.3287659
-0.3490295
-0.3049011
-0.323761
-0.2936096
-0.3103333
-0.2336426
-0.2953186
-0.2602234
-0.2710876
-0.2528992
-0.2727661
-0.2088013
-0.2591553
-0.2379456
-0.2357178
-0.224762
-0.2377625
-0.1971436
-0.2250977
-0.2063293
-0.2134399
-0.1555786
-0.2106934
-0.1577148
-0.1918945
-0.1837463
-0.1889954
-0.1499634
-0.1888733
-0.1820679
-0.177002
-0.1845398
-0.181366
-0.1361389
-0.1728516
-0.147583
-0.1557922
-0.1319275
-0.1564636
-0.1347961
-0.1437378
-0.1774597
-0.1432495
-0.1404419
-0.1482849
-0.1205444
-0.1357727
-0.1370239
-0.1343994
-0.1440125
-0.1350098
-0.1500549
-0.1343689
-0.1426392
-0.1331482
-0.1372681
-0.1326599
-0.1521301
-0.132782
-0.1643982
-0.1342773
-0.1444397
-0.1387024
-0.1181335
-0.1348572
-0.1115417
-0.125061
-0.1457825
-0.1281738
-0.1723022
-0.1372375
-0.1746826
-0.1444092
-0.1401367
-0.1448669
-0.1395569
-0.1337585
-0.1753235
-0.1386719
-0.1438599
-0.1412964
-0.1343079
-0.1360168
-0.1520691
-0.1355591
-0.1512146
-0.1362
-0.1426086
-0.1385803
-0.1310425
-0.135437
-0.1252136
-0.1300659
-0.1330261
-0.1268921
-0.1424561
-0.1274719
-0.1403809
-0.125946
-0.1231689
-0.1242065
