0
0
0
0
0
0
0
0
0
0
0
0
0
0
0
0
0
0
0
0
0
0
0
0
0
0.01519794
0.05498667
0.1041683
0.143957
0.1591549
0.143957
0.1041683
0.0549867
0.01519795
0
0.01519792
0.05498666
0.1041682
0.143957
0.1591549
0.143957
0.1041683
0.05498669
0.01519799
0
0.01519793
0.0549866
0.1041682
0.143957
0.1591549
0.143957
0.1041683
0.05498671
0.01519795
0
0.01519787
0.05498658
0.1041682
0.143957
0.1591549
0.143957
0.1041683
0.0549868
0.01519801
0
0.0151979
0.1041682
0.05498663
0.1439569
0.1591549
0.1439571
0.1041684
0.05498676
0.01519798
0
0.01519784
0.05498653
0.1041681
0.1439569
0.1591549
0.143957
0.1041683
0.05498671
0.01519795
0
0.01519778
0.05498644
0.104168
0.1439569
0.1591549
0.1439571
0.1041684
0.0549868
0.01519801
0
0.0151979
0.05498663
0.1041682
0.143957
0.1591549
0.1439572
0.1041685
0.0549869
0.01519807
0
0.01519784
0.05498654
0.1041681
0.1439569
0.1591549
0.143957
0.1041683
0.05498699
0.01519813
0
0.01519778
0.05498644
0.104168
0.1439569
0.1591549
0.1439571
0.1041684
0.0549868
0.01519801
0
0.01519791
0.05498634
0.1041679
0.1439568
0.1591549
0.1439572
0.1041685
0.0549869
0.01519807
0
0.01519784
0.05498654
0.1041681
0.1439569
0.1591549
0.143957
0.1041683
0.0549867
0.01519795
0
0.01519797
0.05498615
0.1041678
0.1439567
0.1591549
0.1439573
0.1041687
0.05498709
0.01519819
0
0.01519773
0.05498635
0.104168
0.1439568
0.1591549
0.1439572
0.1041685
0.05498689
0.01519807
0
0.01519785
0.05498654
0.1041681
0.1439569
0.1591549
0.143957
0.1041683
0.0549867
0.0151983
0
0.01519761
0.05498616
0.1041678
0.1439567
0.1591549
0.1439573
0.1041687
0.05498708
0.01519818
0
0.01519773
0.05498635
0.104168
0.1439568
0.1591549
0.1439571
0.1041685
0.05498689
0.01519806
0
0.01519785
0.05498654
0.1041681
0.1439569
0.1591549
0.1439574
0.1041689
0.05498727
0.0151983
0
0.01519761
0.05498616
0.1041678
0.1439567
0.1591549
0.1439573
0.1041687
0.05498708
0.01519818
0
0.01519773
0.05498635
0.104168
0.1439568
0.1591549
0.1439571
0.1041685
0.05498689
0.01519806
0
0.01519785
0.05498655
0.1041676
0.1439566
0.1591549
0.1439574
0.1041683
0.05498727
0.01519794
0
0.01519797
0.05498617
0.1041683
0.1439567
0.1591549
0.1439573
0.1041692
0.05498708
0.01519854
0
0.01519738
0.05498636
0.1041674
0.1439568
0.1591549
0.1439571
0.1041691
0.05498688
0.01519841
0
0.0151975
0.05498655
0.1041676
0.1439569
0.1591549
0.143957
0.1041689
0.05498669
0.0151983
0
0.01519762
0.05498675
0.1041678
0.1439563
0.1591549
0.1439576
0.1041687
0.05498765
0.01519818
0
0.01519774
0.05498579
0.104168
0.1439565
0.1591549
0.1439575
0.1041685
0.05498746
0.01519806
0
0.01519786
0.05498598
0.1041682
0.1439566
0.1591549
0.1439574
0.1041683
0.05498726
0.01519793
0
0.01519726
0.05498617
0.1041672
0.1439567
0.1591549
0.1439573
0.1041692
0.05498707
0.01519853
0
0.01519738
0.05498637
0.1041674
0.1439568
0.1591549
0.1439571
0.1041691
0.05498687
0.01519841
0
0.0151975
0.05498656
0.1041676
0.1439569
0.1591549
0.143957
0.1041689
0.05498784
0.01519829
0
0.01519762
0.0549856
0.1041678
0.1439563
0.1591549
0.1439576
0.1041687
0.05498764
0.01519817
0
0.01519774
0.05498579
0.104168
0.1439565
0.1591549
0.1439575
0.1041685
0.05498745
0.01519805
0
0.01519786
0.05498599
0.1041682
0.1439566
0.1591549
0.1439574
0.1041694
0.05498725
0.01519865
0
0.01519726
0.05498618
0.1041672
0.1591549
0.1439567
0.1439573
0.1041692
0.05498706
0.01519853
0
0.01519739
0.05498638
0.1041674
0.1439568
0.1591549
0.1439571
0.104169
0.05498687
0.0151984
0
0.01519751
0.05498541
0.1041676
0.1439562
0.1591549
0.1439577
0.1041689
0.05498783
0.01519828
0
0.01519763
0.05498561
0.1041678
0.1439563
0.1591549
0.1439576
0.1041687
0.05498764
0.01519817
0
0.01519774
0.0549858
0.104168
0.1439565
0.1591549
0.1439575
0.1041685
0.05498744
0.01519876
0
0.01519715
0.05498599
0.104167
0.1439566
0.1591549
0.1439574
0.1041694
0.05498725
0.01519864
0
0.01519727
0.05498619
0.1041672
0.1439567
0.1591549
0.1439573
0.1041692
0.05498705
0.01519852
0
0.01519739
0.05498638
0.1041674
0.1439568
0.1591549
0.1439578
0.104169
0.05498802
0.0151984
0
0.0151968
0.05498542
0.1041676
0.143957
0.1591549
0.1439577
0.1041688
0.05498666
0.015199
0
0.01519763
0.05498677
0.1041666
0.1439564
0.1591549
0.1439569
0.1041698
0.05498763
0.01519816
0
0.01519704
0.05498581
0.104168
0.1439558
0.1591549
0.1439575
0.1041685
0.05498859
0.01519876
0
0.01519787
0.05498484
0.104167
0.1439566
0.1591549
0.1439581
0.1041694
0.05498724
0.01519792
0
0.01519728
0.05498619
0.143956
0.1041684
0.1591549
0.1439572
0.1041681
0.0549882
0.01519852
0
0.01519668
0.05498523
0.1041674
0.1439568
0.1591549
0.1439578
0.104169
0.05498685
0.01519911
0
0.01519752
0.05498658
0.1041665
0.1439562
0.1591549
0.143957
0.10417
0.05498781
0.01519828
0
0.01519692
0.05498562
0.1041678
0.1439571
0.1591549
0.1439576
0.1041686
0.05498878
0.01519887
0
0.01519775
0.05498466
0.1041668
0.1439565
0.1591549
0.1439582
0.1041696
0.05498743
0.01519804
0
0.01519716
0.05498601
0.1041682
0.1439559
0.1591549
0.1439574
0.1041683
0.05498839
0.01519863
0
0.015198
0.05498505
0.1041672
0.1439567
0.1591549
0.143958
0.1041692
0.05498704
0.01519922
0
0.0151974
0.0549864
0.1041663
0.1439561
0.1591549
0.1439571
0.1041702
0.054988
0.01519839
0
0.0151968
0.05498543
0.1041676
0.143957
0.1591549
0.1439577
0.1041688
0.05498666
0.01519899
0
0.01519764
0.05498447
0.1041666
0.1439564
0.1591549
0.1439583
0.1041698
0.05498761
0.01519815
0
0.01519705
0.05498582
0.1439558
0.104168
0.1439575
0.1591549
0.1041684
0.05498857
0.01519874
0
0.01519788
0.05498486
0.104167
0.1439566
0.1591549
0.1439581
0.1041694
0.05498722
0.01519934
0
0.01519728
0.05498621
0.1041661
0.143956
0.1591549
0.1439572
0.1041704
0.05498819
0.01519851
0
0.01519669
0.05498525
0.1041674
0.1439569
0.1591549
0.1439578
0.104169
0.05498684
0.0151991
0
0.01519753
0.0549866
0.1041665
0.1439562
0.1591549
0.1439584
0.10417
0.0549878
0.01519827
0
0.01519693
0.05498563
0.1041678
0.1439557
0.1591549
0.1439576
0.1041686
0.05498876
0.01519886
0
0.01519776
0.05498467
0.1041669
0.1591549
0.1439565
0.1439582
0.1041696
0.05498741
0.01519803
0
0.01519717
0.05498602
0.1041659
0.1439559
0.1591549
0.1439573
0.1041706
0.05498837
0.01519862
0
0.01519658
0.05498506
0.1041672
0.1439567
0.1591549
0.1439579
0.1041692
0.05498702
0.01519922
0
0.01519741
0.05498641
0.1041663
0.1439561
0.1591549
0.1439571
0.1041702
0.05498799
0.01519838
0
0.01519682
0.05498545
0.1041676
0.1439555
0.1591549
0.1439577
0.1041688
0.05498895
0.01519898
0
0.01519765
0.05498449
0.1041667
0.1439564
0.1591549
0.1439583
0.1041698
0.0549876
0.01519814
0
0.01519706
0.05498584
0.104168
0.1439558
0.1591549
0.1439575
0.1041707
0.05498856
0.01519874
0
0.01519646
0.05498488
0.1041671
0.1439566
0.1591549
0.1439581
0.1041694
0.05498721
0.01519933
0
0.01519729
0.05498622
0.1041661
0.143956
0.1591549
0.1439572
0.1041704
0.05498817
0.0151985
0
0.0151967
0.05498526
0.1041674
0.1439554
0.1591549
0.1439578
0.104169
0.05498914
0.01519909
0
0.01519753
0.0549843
0.1041665
0.1439563
0.1591549
0.1439584
0.10417
0.05498778
0.01519826
0
0.01519694
0.05498565
0.1041678
0.1439557
0.1591549
0.1439576
0.1041686
0.05498875
0.01519885
0
0.01519634
0.05498469
0.1041669
0.1439565
0.1591549
0.1439582
0.1041696
0.0549874
0.01519945
0
0.01519718
0.05498604
0.1041659
0.1439559
0.1591549
0.1439573
0.1041705
0.05498836
0.01519861
0
0.01519658
0.05498508
0.1041673
0.1439568
0.1591549
0.1439579
0.1041692
0.05498932
0.01519921
0
0.01519742
0.05498411
0.1041663
0.1439561
0.1591549
0.1439585
0.1041702
0.05498797
0.01519838
0
0.01519682
0.05498546
0.1041676
0.1439555
0.1591549
0.1439577
0.1041688
0.05498893
0.01519897
0
0.01519766
0.0549845
0.1041667
0.1439564
0.1591549
0.1439583
0.1041698
0.05498758
0.01519956
0
0.01519706
0.05498585
0.1041657
0.1439558
0.1591549
0.1439575
0.1041707
0.05498855
0.01519873
0
0.01519647
0.05498489
0.1041671
0.1439566
0.1591549
0.143958
0.1041694
0.0549872
0.01519932
0
0.0151973
0.05498393
0.1041661
0.143956
0.1591549
0.1439586
0.104168
0.05498816
0.01519992
0
0.01519671
0.05498296
0.1041675
0.1439554
0.1591549
0.1439578
0.1041713
0.05498681
0.01519908
0
0.01519754
0.05498432
0.1041688
0.1439563
0.1591549
0.143957
0.1041699
0.05499008
0.01519825
0
0.01519552
0.05498566
0.1041655
0.1439571
0.1591549
0.143959
0.1041686
0.05498873
0.01520027
0
0.01519636
0.05498701
0.1041669
0.1439551
0.1591549
0.1439582
0.1041719
0.05498739
0.01519944
0
0.01519719
0.05498374
0.1041682
0.1439559
0.1591549
0.1439573
0.1041705
0.05499066
0.0151986
0
0.01519802
0.05498509
0.104165
0.1439568
0.1591549
0.1439594
0.1041692
0.0549893
0.01519777
0
0.015196
0.05498644
0.1041663
0.1439547
0.1591549
0.1439585
0.1041678
0.05498796
0.01519979
0
0.01519683
0.05498317
0.1041677
0.1439556
0.1591549
0.1439577
0.1041711
0.05498661
0.01519896
0
0.01519767
0.05498451
0.1041644
0.1439564
0.1591549
0.1439569
0.1041697
0.05498988
0.01519813
0
0.01519564
0.05498587
0.1041657
0.1439572
0.1591549
0.1439589
0.1041684
0.05498853
0.01520015
0
0.01519648
0.0549826
0.1041671
0.1439552
0.1591549
0.143958
0.1041717
0.05498718
0.01519931
0
0.01519731
0.05498394
0.1041684
0.143956
0.1591549
0.1439572
0.1041703
0.05499046
0.01519848
0
0.01519814
0.05498529
0.1041652
0.1439569
0.1591549
0.1439592
0.104169
0.0549891
0.01520051
0
0.01519612
0.05498664
0.1041665
0.1439548
0.1591549
0.1439584
0.1041722
0.05498775
0.01519967
0
0.01519696
0.05498337
0.1041679
0.1439557
0.1591549
0.1439576
0.1041709
0.05498641
0.01519884
0
0.01519779
0.05498472
0.1041646
0.1439565
0.1591549
0.1439596
0.1041695
0.05498968
0.015198
0
0.01519577
0.05498607
0.1041659
0.1439545
0.1591549
0.1439587
0.1041682
0.05498833
0.01520003
0
0.0151966
0.05498279
0.1041673
0.1439553
0.1591549
0.1439579
0.1041715
0.05498698
0.01519919
0
0.01519744
0.05498414
0.104164
0.1439562
0.1591549
0.1439571
0.1041701
0.05499025
0.01519836
0
0.01519542
0.05498549
0.1041654
0.143957
0.1591549
0.1439591
0.1041688
0.0549889
0.01520038
0
0.01519625
0.05498684
0.1041667
0.143955
0.1591549
0.1439583
0.104172
0.05498756
0.01519955
0
0.01519708
0.05498357
0.1041681
0.1439558
0.1591549
0.1439575
0.1041707
0.05499083
0.01519871
0
0.01519792
0.05498492
0.1041648
0.1439566
0.1591549
0.1439595
0.1041693
0.05498948
0.01519788
0
0.01519589
0.05498626
0.1041661
0.1439546
0.1591549
0.1439586
0.1041726
0.05498813
0.0151999
0.01519672
0
0.05498299
0.1041675
0.1439555
0.1591549
0.1439578
0.1041713
0.05498678
0.01519907
0
0.01519756
0.05498435
0.1041642
0.1439563
0.1591549
0.143957
0.1041699
0.05499005
0.01519823
0
0.01519554
0.05498569
0.1041656
0.1439543
0.1591549
0.143959
0.1041686
0.0549887
0.01520025
0
0.01519637
0.05498242
0.1041669
0.1439551
0.1591549
0.1439582
0.1041718
0.05498736
0.01519942
0
0.0151972
0.05498377
0.1041683
0.1439559
0.1591549
0.1439573
0.1041705
0.05499063
0.01519859
0
0.01519518
0.05498512
0.104165
0.1439568
0.1591549
0.1439593
0.1041691
0.05498928
0.01520061
0
0.01519602
0.05498647
0.1041663
0.1439548
0.1591549
0.1439585
0.1041724
0.05498793
0.01519977
0
0.01519685
0.0549832
0.1041677
0.1439556
0.1591549
0.1439577
0.1041711
0.0549912
0.01519894
0
0.01519768
0.05498455
0.1041644
0.1439564
0.1591549
0.1439597
0.1041697
0.05498985
0.01519811
0
0.01519566
0.0549859
0.1041658
0.1439544
0.1591549
0.1439589
0.1041684
0.0549885
0.01520013
0
0.0151965
0.05498262
0.1041671
0.1439552
0.1591549
0.143958
0.1041716
0.05498716
0.0151993
0
0.01519733
0.05498397
0.1041638
0.1439561
0.1591549
0.1439572
0.1041703
0.05499043
0.01519847
0
0.01519531
0.05498532
0.1041652
0.1591549
0.1439569
0.1439592
0.1041689
0.01520049
0.05498907
0
0.01519614
0.05498205
0.1041665
0.1439549
0.1591549
0.1439584
0.1041722
0.05498772
0
0.01519965
0.01519698
0.0549834
0.1041679
0.1439557
0.1591549
0.1439575
0.1041709
0.054991
0.01519882
0
0.01519781
0.05498475
0.1041646
0.1439565
0.1591549
0.1439596
0.1041695
0.05498965
0.01520084
0
0.01519579
0.05498609
0.104166
0.1439545
0.1591549
0.1439587
0.1041728
0.05498831
0.01520001
0
0.01519662
0.05498282
0.1041673
0.1439553
0.1591549
0.1439579
0.1041714
0.05498695
0.01519917
0
0.01519745
0.05498417
0.104164
0.1439562
0.1591549
0.1439599
0.1041701
0.05499022
0.01519834
0
0.01519543
0.05498552
0.1041654
0.1439542
0.1591549
0.1439591
0.1041688
0.05498888
0.01520036
0
0.01519626
0.05498225
0.1041667
0.143955
0.1591549
0.1439583
0.104172
0.05498753
0.01519953
0
0.0151971
0.0549836
0.1041635
0.1439558
0.1591549
0.1439574
0.1041707
0.0549908
0.01519869
0
0.01519508
0.05498495
0.1041648
0.1439567
0.1591549
0.1439594
0.1041693
0.05498945
0.01520071
0
0.01519591
0.05498629
0.1041662
0.1439546
0.1591549
0.1439586
0.1041726
0.0549881
0.01519988
0
0.01519674
0.05498302
0.1041675
0.1439555
0.1591549
0.1439578
0.1041712
0.05499137
0.01519905
0
0.01519758
0.05498437
0.1041642
0.1439563
0.1591549
0.1439598
0.1041699
0.05499002
0.01519821
0
0.01519556
0.05498572
0.1041656
0.1439543
0.1591549
0.143959
