0
0
0
0
0
0
0
0
0
0
0
0
0
0
0
0
0
0
0
0
0
0
0
0
0
0
0
0
0
0
0
0
0
0
0
0
0
0
0
0
0
0
0
0
0
0
0
0
0
0
0
0
0
0
0
0
0
0
0
0
0
0
0
0
0
0
0
0
0
0
0
0
0
0
0
0
0
0
0
0
0
0
0
0
0
0
0
0
0
0
0
0
0
0
0
0
0
0
0
0
0
0
0
0
0
0
0
0
0
0
0
0
0
0
0
0
0
0
0
0
0
0
0
0
0
0
0
0
0
0
0
0
0
0
0
0
0
0
0
0
0
0
0
0
0
0
0
0
0
0
0
0
0
0
0
0
0
0
0
0
0
0
0
0
0
0
0
0
0
0
0
0
0
0
0
0
0
0
0
0
0
0
0
0
0
0
0
0
0
0
0
0
0
0
0
0
0
0
0
0
0
0
0
0
0
0
0
0
0
0
0
0
0
0
0
0
0
0
0
0
0
0
0
0
0
0
0
0
0
0
0
0
0
0
0
0
0
0
0
0
0
0
0
0
0
0
0
0
0
0
0
0
0
0
0
0
0
0
0
0
0
0
0
0
0
0
0
0
0
0
0
0
0
0
0
0
0
0
0
0
0
0
0
0
0
0
0
0
0
0
0
0
0
0
0
0
0
0
0
0
0
0
0
0
0
0
0
0
0
0
0
0
0
0
0
0
0
0
0
0
0
0
0
0
0
0
0
0
0
0
0
0
0
0
0
0
0
0
0
0
0
0
0
0
0
0
0
0
0
0
0
0
0
0
0
0
0
0
0
0
0
0
0
0
0
0
0
0
0
0
0
0
0
0
0
0
0
0
0
0
0
0
0
0
0
0
0
0
0
0
0
0
0
0
0
0
0
0
0
0
0
0
0
0
0
0
0
0
0
0
0
0
0
0
0
0
0
0
0
0
0
0
0
0
0
0
0
0
0
0
0
0
0
0
0
0
0
0
0
0
0
0
0
0
0
0
0
0
0
0
0
0
0
0
0
0
0
0
0
0
0
0
0
0
0
0
0
0
0
0
0
0
0
0
0
0
0
0
0
0
0
0
0
0
0
0
0
0
0
0
0
0
0
0
0
0
0
0
0
0
0
0
0
0
0
0
0
0
0
0
0
0
0
0
6.891471E-05
6.891471E-05
-0.0001804557
0.0001802385
9.553536E-05
-0.0005996348
0.0004080721
9.011284E-05
5.301131E-06
0.000265376
-0.0001005234
-0.0005995517
0.0004346928
9.022784E-05
7.44139E-05
-0.0001696426
5.301131E-06
0
0.000254761
-0.000169534
-0.0003395791
8.461366E-05
0.000259864
-9.011923E-05
-8.492032E-05
8.48181E-05
-0.0004246016
0.0002595574
0.0003341757
-0.0001749437
-0.0004193005
0.0004240905
0
-8.492032E-05
8.48181E-05
-7.96128E-05
7.951697E-05
0
-5.30752E-06
7.960641E-05
-0.000238749
-0.0002496515
0.0004134882
6.899777E-05
-6.891471E-05
-6.369024E-05
-2.130675E-05
-1.602478E-05
2.110869E-05
9.013201E-05
-1.060226E-05
-0.000520137
0.000684044
-0.0001590275
7.96192E-05
-9.012561E-05
7.960641E-05
-0.0001538286
-0.0001646289
7.40114E-05
0.0001643287
-0.000159232
9.533731E-05
0.0001485275
-0.0002599726
-0.0002443632
0.0001799446
0.0001642392
-9.032367E-05
7.940837E-05
5.198912E-06
1.051282E-05
-1.070448E-05
8.48181E-05
7.96128E-05
-0.0002493576
-0.0002602729
0.0003444713
0.0001750459
-9.011923E-05
-9.022784E-05
9.011923E-05
-0.0002494534
0.0002491532
0.0005042144
-0.0004239947
-0.0002440501
0.0001643351
0
-0.0001698406
0.0004190897
-8.462005E-05
-0.0001643351
-0.0005042144
0.0003390744
0.0001590275
0.0001698343
-0.0004031735
-0.000270971
0.0004133732
0.0001856482
-7.950419E-05
-0.0001061376
0.000144458
-9.427176E-05
0.0001865962
-0.0001283391
-4.400581E-06
-0.0004570957
0.0004808446
0.0001400601
-6.47343E-05
0.0002198573
-8.989201E-05
-0.0004886723
0.0005232292
8.726298E-05
-0.0002914157
-0.000484278
0.0004440785
0.0001750523
-6.969594E-05
3.062067E-05
-0.0004163823
-1.836787E-05
0.0004434597
9.345994E-05
-0.0002206839
-0.0003577088
7.869423E-05
0.000374536
0.0001097874
-0.0002281727
-0.0003466256
-5.683746E-08
0.0002754735
0.0001716956
-1.793172E-05
-6.80802E-05
6.26996E-05
1.060865E-05
-0.000418165
0.0004709553
-0.0001935633
-0.0002711373
0.0005807363
-0.0002107622
-0.0002189869
0.0002095437
-2.209387E-05
-0.000108161
-5.776538E-05
0.0002460194
-8.796722E-05
-0.0004261269
0.0005393007
-0.0002900493
-9.144761E-05
0.0003371159
0.000131766
-0.0002804408
-0.0002838236
0.0003022354
-5.086775E-05
-2.492414E-05
0.0001547063
-0.0003074837
-0.0002055018
0.0002314364
0.0001472366
0.0001242245
-7.651658E-05
6.793153E-05
-0.0002400367
8.761747E-05
0.0002302084
-7.329451E-06
7.338772E-05
-0.0002072233
-0.0003856554
0.0002024398
0.0004827173
-7.261547E-06
-0.0003204042
-8.295991E-05
-0.0001173688
0.0003501988
0.0004081626
-0.0003290577
-0.0001977373
-0.0001304761
8.99148E-05
3.572116E-05
0.0002561552
-0.0001623733
2.94288E-05
-0.0005461837
0.0002778311
0.0002685317
-4.655145E-05
-0.0001217558
-0.0002136144
0.0003047738
0.0001410692
-0.0002060193
8.596096E-05
4.984504E-05
-3.227257E-05
0.0001851156
-0.0002132804
-6.285271E-05
1.771533E-05
3.519053E-05
0.000128606
-0.0004683445
0.0002732346
0.0001506731
-1.786206E-05
-2.226811E-05
0.0001080233
-0.0003663659
-0.0003720755
0.0005270491
-3.190326E-05
-0.0003887955
0.0004634462
0.0001427753
-0.0006560212
0.0004370623
0.0002144417
-0.0005406234
0.0001741318
0.0004056859
-0.0004710445
0.0003929806
-4.990979E-05
-9.752238E-05
-0.0002956535
0.0003073583
-0.0002841929
0.0005959722
0.0003940964
-0.0004239097
-0.0002090578
-0.0003371052
0.0004651043
0.0003355795
-0.0001960959
-6.955182E-05
-0.0002197106
-0.000113896
0.0002048504
0.0005690382
-0.0004939249
-0.0007962215
0.0008007012
-0.0005881105
0.0004220696
-6.907974E-05
-5.558996E-05
-0.0002967221
-7.386347E-06
0.0004783977
-0.0001308909
-0.0002064586
0.0003619346
-0.0001422847
-7.98647E-05
-2.771351E-05
-9.62495E-05
-0.0002498219
0.0006101099
-0.000261172
0.0003139705
-7.309955E-05
-0.0003991911
-0.000219526
0.0003061966
0.0002144942
-5.340973E-05
-1.304566E-05
6.258821E-05
-0.0004694061
0.0001638694
0.0008006657
-0.0004326674
-0.0003474061
0.0002359659
0.0001678599
0.0001324123
0.0003027315
-0.0001180232
-0.0005896766
-4.639413E-05
0.0004201616
0.000380816
-0.0004960758
-7.491711E-05
0.0002155223
0.0001654052
-0.0001799082
-0.0002638371
-0.0001332616
0.0003632799
0.000143961
-0.0002806719
1.019853E-05
-0.0003294306
0.0004219464
0.0002638823
-0.0002120927
-0.0004281996
-3.894716E-05
0.0003231518
8.491921E-05
-0.0002158691
0.0002140594
-0.000418651
-4.078409E-05
0.0005595314
7.882452E-05
-0.0006599596
0.0001270751
6.923141E-05
0.0004306785
0.000140122
-0.0004590835
-7.699987E-05
8.111389E-05
0.0003079495
-0.0003643694
0.0001792648
-0.0006746784
0.0005979144
0.0002248648
0.0001510916
-0.0006619224
0.0005786165
-0.0001539238
-0.0002548353
0.0001366232
0.0001791821
-0.0006286968
0.0007080285
0.0003991785
-0.0005431853
-0.0004477486
0.0001170185
0.0003800206
0.0001571177
-2.032652E-05
-0.000191485
-1.972764E-06
-0.0002699786
-7.604196E-05
0.001150118
-0.0007710652
-0.001140874
0.001063787
-0.0003687629
0.0004152635
5.526006E-05
-4.239766E-05
-0.000463511
0.0002999418
0.0002875631
-0.0001015495
-5.440028E-05
0.0002523535
0.0001450109
-0.000336981
-0.0001592595
-8.004976E-05
2.589728E-05
-0.0004401829
-5.583535E-05
0.000766244
0.0002877692
-0.0007685955
-0.000390441
0.0004074019
-0.0001320224
0.0002460038
-0.0003761652
0.0003578769
-0.0004119627
0.0005391202
4.568834E-05
-0.0002299919
0.0001688282
-0.000229968
0.0002410252
0.0001872749
9.405224E-05
-0.0001079752
0.0001378096
-0.0001480316
0.000134484
-0.0001791633
-0.0005987737
0.0004279821
0.0001885203
-0.0001550921
0.000333726
-0.0005606437
0.0001110195
0.000260797
-6.518944E-05
0.0001401022
-0.000446698
0.0004900543
-0.0004045892
0.0005784968
-0.0006605615
0.0005797634
-0.0008757601
0.0006215786
-0.0001599579
-7.579241E-05
7.218275E-05
-4.95941E-06
1.103084E-05
-0.0002534664
0.0007460327
-0.0004769918
-0.0002238007
-0.0002829771
0.00104647
-0.0003223492
-8.500224E-05
0.0002516791
3.463542E-05
-0.0007197837
0.0002596759
0.0001992008
-0.0001681751
-0.0001314251
0.0002170442
4.971813E-05
-0.0001967879
0.0002148607
2.317322E-05
-0.0006475379
0.001117256
7.401381E-05
-0.001047798
0.0004668858
-0.0002409093
6.752582E-05
0.0002984733
0.0003811245
-8.454021E-05
-0.0001755517
-0.0002357639
-0.0003888113
0.0001994093
0.0003052579
-0.0008255275
0.0006345358
5.580048E-05
-0.0004268771
0.0001569879
0.0003108299
8.127253E-05
-0.0004022275
0.0003076049
-0.0001795126
0.0002129506
-3.722995E-05
-8.243493E-05
-5.471016E-06
0.0001207007
1.46562E-05
8.482361E-05
-9.52574E-06
-0.0005709467
0.0005400112
-0.0003744626
-0.0006629142
0.0009206811
6.730883E-06
-0.0002581871
0.0003171463
-0.0001467487
-0.0003447071
0.0001659068
0.0003435863
-0.0001439071
-0.0003757305
0.0005746431
-0.0001864795
0.0002041575
-0.0002294881
-0.0002695686
-0.0001818316
7.266567E-06
0.0004350014
0.0001246923
0.0001014455
-0.0004370498
5.055873E-05
-0.0004428957
0.000427678
0.0003614003
-0.0003725247
-0.0001396776
0.0004945821
-0.0003432357
-8.910739E-05
0.0003118078
-0.0006409666
4.017459E-05
0.001004948
-0.0003331978
-0.0009133833
0.0008349429
-0.0004839223
-0.0002259155
0.001055474
6.78678E-05
-0.001098129
0.0006694497
0.0007853765
-0.0007928729
-2.291092E-05
-2.311377E-05
-3.10815E-05
0.0001839574
0.0001931629
-0.0004740643
0.0007047278
-0.0006353674
0.0001378427
0.0006809123
-0.0002836804
-0.001133763
0.00027598
-0.0001654658
0.0008080131
-0.0002881361
0.0002253869
-0.0005820399
-0.0001408574
0.00063492
0.0001030967
-0.001005932
0.0009288397
0.0001032826
-0.0008518302
0.0005834803
0.000429701
-0.0008486482
0.0001137799
0.0004264457
4.132787E-05
-0.0002116657
-0.0001850825
-0.0004258546
0.00040353
0.0001150697
4.369921E-05
0.0001564908
-0.0004022236
-0.0001835504
0.0004676595
0.0005306373
-0.0007105778
0.0005746865
-0.0002308497
0.0002311812
-0.0001477837
0.0001816941
-0.000241324
-6.757382E-05
-0.0005116801
0.0004676569
0.00044949
-0.0004367665
7.418042E-06
0.0005250014
-0.0004357958
-0.000479563
0.0006882666
-0.0003776147
-0.0007212306
0.001022917
6.021995E-05
-0.0006005738
0.0006534228
-7.727862E-05
-0.001149153
0.0001844341
0.001127364
-0.001586523
0.00102738
0.0002355277
-0.0006846768
0.0007169112
0.0001500621
-0.001318141
0.001195959
0.0004337777
-0.0006891772
0.0005236291
-0.0005292895
0.000634201
7.9805E-05
-0.000283027
-4.424735E-05
-2.522715E-05
-2.939015E-05
-0.000397029
0.0007796587
-0.0006710949
-0.0002244182
0.0003752815
-0.0008832132
0.0007790736
4.606291E-05
-1.678071E-05
-0.0007966158
0.0003857372
0.0006648246
-0.0001457978
-0.000248645
4.420606E-05
0.0001198513
-0.0003547456
-2.697372E-05
0.0006007471
-0.0003657632
0.0001231376
-6.366622E-05
1.234379E-05
-2.386134E-05
-0.0004744495
0.0007915855
-1.034526E-05
-0.000811676
0.0003116527
-9.211165E-05
0.0005091799
-0.000278734
0.0005527345
-0.000972828
0.0004128149
0.0007915994
-3.794886E-05
-0.0007279909
0.0002381204
4.40896E-07
0.0003048406
0.0001388922
-0.001152401
0.0003202193
-0.0001275492
0.00016036
0.0001193721
9.60383E-05
-0.0005801559
0.000581455
0.0003392953
-0.0006795516
-0.0004495007
0.0002439286
0.0004528636
1.351605E-06
0.000332433
-3.609806E-05
0.0001532187
-0.0007832577
0.0006296078
-0.0006328172
-0.0002692277
0.0008256051
0.0002093192
0.0002504518
-0.0006388745
-0.0003351915
0.000685538
-0.0008486203
0.0006296029
0.0005958737
-0.001381304
0.0004489186
0.0005487565
0.0001712823
-0.0002752818
-0.0005448745
0.0004852893
-0.0003604308
4.014225E-05
-6.487699E-05
-5.230961E-05
-0.0004981633
0.0008064728
9.572019E-06
-0.0004180285
-0.0002252408
0.0004439299
0.0001804153
5.328984E-05
0.00010752
-0.0001055918
6.38412E-05
-0.0002032264
0.0002034433
-0.0007300313
0.001029604
-0.0008259856
-0.0001233311
0.0009207543
-0.0002037201
-0.0007124199
-0.0004263465
0.0005385128
0.000315295
0.0006457471
-0.000396654
-0.0008023031
0.00055973
-2.258005E-05
-0.0001270879
-0.0002379054
0.0008398473
-0.0003772991
-0.0005791267
0.0006019358
0.0001857894
0.0002592692
-0.0004566937
-0.000308771
0.0002941779
4.323971E-05
-0.0003950587
-7.227464E-05
-0.0001580121
0.0005055182
-0.0002607418
0.0004367937
-0.0001374066
-0.000430028
-0.0002515922
0.0004425714
-0.0004230601
-2.75326E-05
0.0007096042
-3.430148E-05
0.0003108271
-0.0002629566
-0.0007468402
-0.0005026552
0.001059683
0.0004272976
-0.0001765648
0.0005851574
-0.0007012449
-0.0002547361
0.0006793407
-0.0002532785
0.0003424707
-0.0002779629
-0.0003444429
0.0003256902
-0.0003118569
0.0003791077
0.0001636249
-0.0008432103
0.000507247
-0.0002335324
-2.805607E-05
-5.305089E-05
0.0006235798
-0.0007599504
0.0001145374
0.0005622527
-0.0005185151
-0.0001185063
0.0008125806
-0.0004245114
-0.0001870482
0.000282879
-6.184885E-05
-0.0003513768
0.0004842835
-0.0003347999
-0.001135437
0.001536283
-0.0003684266
-0.0002847267
0.000228182
0.0003578445
-0.0006894231
0.0002506988
-9.527498E-05
0.000393599
-0.0006294819
0.0004982724
-0.0003769461
0.0001428261
-0.0003046084
0.0006580143
-0.0002901804
0.0007601875
-0.000277052
-0.0008729265
-1.733096E-05
0.0005552761
7.40772E-05
-1.616037E-05
-3.677506E-05
0.0003986637
-0.0008619801
0.0002370556
0.0004195932
-0.0004729081
7.22867E-05
-0.0008739374
0.0007958944
0.0001305684
-1.917527E-06
0.0006191974
-0.0007431579
-0.0003496744
0.0002786788
0.000712665
-0.0003822394
9.188026E-05
-8.264022E-05
-0.0004311295
6.294269E-05
0.001115253
-0.0003409103
-0.0009458168
0.0007993605
0.0001274524
-0.0004100834
-6.450264E-05
-0.0006249785
0.0006076237
0.0005315661
-0.0005426767
0.0003321051
-0.000163686
-0.0003761516
0.0002226009
0.0004127295
-0.001033651
1.59876E-05
0.0007336534
-0.0003583293
-2.368579E-06
0.0004987832
-0.0009753623
0.0007253846
0.0002909204
-0.000891919
0.0002452028
0.0006510938
-0.0001830145
0.0001241342
-8.251638E-05
-9.848772E-05
8.892651E-05
0.000307041
-0.0004173867
-6.674146E-05
-6.652552E-05
0.0004841145
-7.75118E-05
-2.42255E-05
-0.0001983971
-0.000838831
0.0006043228
0.0002517996
9.869635E-05
-5.76888E-05
-0.0007181793
0.001081674
0.0002096465
-0.0001251349
-0.0003923777
0.0004231897
-0.0005544315
-0.0003035477
0.001254414
-0.0005700843
-0.001229828
0.001160699
-0.0003895698
0.0002104176
-0.0002027682
7.818494E-05
0.0001157904
-0.0005214314
0.0008184299
-0.000780593
-0.0005045091
0.001333434
-0.0003636388
0.0002002993
-0.001435091
0.001088146
0.000226884
0.0002005554
-0.0005735261
0.0001572724
0.0001009896
-0.0007235052
0.0007183366
0.0005505413
-0.0008912681
-0.0001089755
5.55377E-05
-0.0001183998
0.000223703
0.0004753062
0.0001156898
-0.0002175795
0.0007603742
-0.0009698124
3.552076E-05
0.0001638549
0.0001373749
0.0001961174
0.0001943956
-0.0008409912
-8.014646E-06
0.0007622442
0.0001635438
-0.0007811146
-0.0003807768
0.0007512175
0.000471511
-0.0002172116
-1.811141E-05
-0.0007141846
0.0003911452
-0.0001263349
0.0006622454
-0.0003745818
-0.0006620249
0.0003789055
0.0003368779
-0.0005139505
-0.0001527468
0.0006329952
-0.0003368419
-6.621122E-05
-3.664889E-05
-0.0003831982
-0.0007899393
0.002060979
-0.0005938145
-0.0006124413
0.0001826628
-0.0009381041
0.001801943
0.0004171672
-0.001795687
0.0001302828
0.0002077905
0.0003417381
0.0005939478
-0.0006845449
-0.0003102793
-7.349623E-05
0.0009801507
-0.0001364764
-0.0002965145
-0.0002122048
-0.0003278897
0.0005475545
0.0003384425
-0.0001780054
-0.0007168078
-0.0007256823
0.0008438526
0.0008960547
-0.0003667318
-0.0008819919
0.0005510903
0.0005569092
-0.0001450789
0.0003273337
-0.0004852766
-0.0009648699
0.0003021038
0.0006865709
0.0002959656
-0.0007462904
-0.0003288342
0.0003873225
-0.0002431098
0.00100136
-0.000383553
-0.0003403072
0.0004587831
-0.0002241655
0.0003197774
0.0001780816
-0.0008522116
0.0004605694
1.973507E-05
2.975289E-05
-6.428955E-05
0.0001329108
-1.154429E-05
-0.0006562881
0.0004522548
0.0003383125
-0.0005383575
0.0003611087
0.0005449522
-0.001241533
-0.0003842603
0.0005420538
0.0001301532
0.0001302678
-0.0001433483
0.0002475507
0.0004939308
-0.0008044626
-0.0005031702
0.0008487009
-0.000877712
0.0003115239
0.001063013
-0.0006146716
-0.0004434312
-0.0001518658
0.0003000452
0.0005088438
-0.0003720641
-0.0001105828
0.0002373271
-9.966404E-06
-3.03605E-05
0.0004747823
-0.0003276648
-0.0008286672
0.0008990129
0.0004611743
-0.001637111
0.0008932433
0.000233895
-0.0008033571
0.0003818148
0.0008400141
-0.001247694
-0.0006450161
0.00126488
0.0003517751
-0.0005808718
5.4547E-05
-8.745397E-06
-0.0004884272
-0.0005026504
0.001815799
-0.001273646
0.001577517
-0.0001756572
-0.001715995
0.0008024193
0.0006235337
-0.001143679
0.0005723594
-0.0002229158
0.0007199942
-6.873794E-05
-0.001026372
0.001252229
-0.001366744
0.0007888091
0.0006118835
-0.001241717
0.0008781863
-0.000287626
-0.0001012144
0.0002239238
-0.0002875109
0.0001260164
6.270186E-05
-0.0002479155
0.0006529656
-0.0006510376
0.0005333137
0.0001681462
-0.0008997259
-0.0001135167
0.0004592331
-0.000116167
0.0004124135
7.315691E-05
-0.00120313
0.0003194321
0.0002499384
1.87204E-05
-0.0004560658
0.0001857567
0.0013274
-0.0008736419
-0.0006869481
0.001322886
-0.001730629
-0.0002699853
0.001628334
-0.0001421396
0.00054197
-0.0002164898
-0.0005688827
0.0005089985
-0.0001759883
-5.378201E-05
-0.0002671783
0.001070906
-0.001433316
0.0001179428
0.0008644128
-0.000806186
4.159435E-05
0.0006155706
-0.0009793092
-0.0003924159
0.0009868987
-0.0005028835
0.000855744
-0.0005117054
0.000848298
-0.001084911
-0.0002285634
0.0004812696
0.0003888083
-0.0003624305
1.256023E-05
0.0005812154
5.255944E-05
-0.001041179
-0.0001975174
0.0007917876
-0.0006427924
0.0006016882
0.0003749447
-0.0004281555
-0.000186701
0.000305672
-0.0001696151
0.0004682759
0.0003891282
-0.0007670988
-0.0004023619
0.0007509096
-0.0009914144
0.0009711623
-0.0008177508
-5.345591E-05
0.0002944555
-0.0003605714
0.0001067211
-5.949782E-06
0.0009099289
5.802237E-05
-0.001041094
0.001908793
-0.001348247
-0.001123907
0.00151861
-0.0002096979
-0.0008333553
0.0003409524
0.0001570695
0.0005447489
-0.0007256425
6.486198E-05
-8.632246E-05
-0.0001560562
0.0002640516
0.0005116821
-0.001305548
0.001148233
-0.0008234903
0.0001893595
-0.000164915
-0.0006876439
0.0004359925
0.0005369871
0.0004092844
-0.0006282291
0.0004937373
-0.0002391526
2.340049E-05
-0.0004360095
-3.333229E-05
0.0005532582
-0.0002188014
0.0002320644
0.0004750936
-0.000877097
-0.0002455693
0.0008773637
-0.0008467091
0.0006269388
-0.0002000711
-0.0003688695
0.0004289855
8.560393E-05
-0.0003128159
0.0004169268
-0.001217445
0.001082425
-0.0004642491
0.0006318175
-0.0004503081
-0.0004260173
0.0008579665
0.0003815256
-0.0005211273
-0.0006336821
0.0007144918
-0.0001523255
0.0004179989
-0.0004219461
0.0003175625
-0.001014789
-7.880097E-05
0.0006805412
0.0005948028
-0.001416515
0.001057966
0.0001553719
-0.0008230479
0.00148947
-0.0003512484
-0.001074127
-0.0003140959
0.0006868936
0.0005073315
0.0001301225
0.0003066688
-0.0003071942
-0.0004173979
-0.0003886824
0.001197915
-0.0005157081
-0.0005781053
0.0007212011
0.0003396016
-0.0002043
-0.0003446113
0.0003238807
-0.0008550176
0.0007169654
-0.0001704976
-0.000836943
0.0008212521
2.414054E-05
-0.0004987751
-0.000402155
-0.0004560695
0.001639114
-0.0008854917
-0.0003761735
0.000860695
5.754534E-05
0.0002279075
-0.000160471
-0.0006406839
0.0005879556
-0.001024048
0.0009472658
-0.0001212535
-0.0005732222
0.0003495781
-0.0006140402
0.001658009
-0.0004752014
-0.0006698381
0.0003153979
-0.0001548502
0.0001270233
0.0001995142
0.0004532371
-0.0006482347
-0.0002962034
0.0005552483
0.0004481317
-0.001710699
0.0002522242
0.0001652496
0.0003977573
0.0002749031
-0.001043295
0.0005155685
0.0004210184
-1.337039E-05
-0.0001006837
-0.0006158395
0.0003451443
-4.285715E-05
0.0005875711
4.611523E-05
-0.0008088472
-2.870422E-05
-0.0009242796
0.001085614
0.000417591
7.738479E-05
-0.0005360208
0.0002610285
0.0003779653
3.192883E-05
-0.00036498
0.0002538022
-0.0009297105
0.0002421568
-7.508956E-05
-0.0001244497
0.0001551749
-0.0005608698
0.0002940708
-1.905436E-05
0.000391213
-0.0002117845
-0.0001556784
-7.565002E-06
0.0002965238
0.0005477305
-0.0006773703
-0.0003368294
6.961588E-05
-0.0006947626
0.001464313
-7.181936E-05
-0.0001633533
0.0005087479
-0.001037488
-0.000532323
0.001154393
-0.0007131952
0.001136382
-2.225973E-06
-0.0001073395
0.000429299
-0.001109579
0.0003347412
0.0001435518
-0.0002706664
0.0004344047
0.0005199054
-0.0007999455
0.001037363
-0.0006296526
0.0007458917
-0.001281834
-0.0009368216
0.0009305753
-0.0009071985
0.001297003
0.0004108444
-0.001155956
0.0003639901
-0.0002416386
0.0004039987
2.968103E-05
-0.0008146522
0.0006785187
-0.0001186378
0.00035441
0.0005604955
-0.001109698
-0.0006228558
0.0002428798
0.0004274164
0.0004117521
0.0003720303
-0.001656439
0.0008639469
0.0002016226
-0.001392183
0.0007518773
-0.0002719021
0.0008108779
0.0006079773
-0.001010862
0.001569991
-0.001027026
-0.001874331
0.002968942
-0.0003398114
-0.001549449
0.0007427565
0.0004057152
-0.0006039983
6.758631E-06
0.0006756264
-0.0004117454
-0.001522933
0.001092072
1.065486E-05
-1.759493E-05
0.0003779592
-0.0002892412
-0.000573957
-0.0008956128
0.001508332
0.0003221184
-0.001568395
0.0008697008
-0.0005669877
0.0007566652
0.001151775
-0.002068267
0.001918443
-8.45398E-05
-0.002868754
0.002270002
-0.0001520458
-0.0007758741
0.001267197
-0.0007364713
0.001300345
-0.001192087
-0.000361365
0.0009543666
-0.000880072
0.0004126129
0.00137368
-0.0003641571
-0.0004082083
-0.0006757042
0.0002529393
0.0002400683
-0.0008449589
-0.0004475809
0.000827433
-0.0003482905
0.0003981998
0.0009775357
-0.0009156505
-0.0009715815
-0.0002887996
0.001234726
0.001063425
-0.001395982
0.0009261041
2.714163E-05
-0.001005654
0.001362863
-0.001001165
-0.000558855
0.0004775125
-0.0008762844
0.001441532
0.0003492755
-0.0008417442
-8.455492E-05
-0.000677215
-0.0007770524
0.001678092
-0.0002078494
0.0005554401
-0.0004139299
-0.0009305835
0.000541845
-6.079707E-05
7.698758E-05
-0.0002601654
2.413723E-05
0.0002166491
0.0006935931
-0.0002183205
-0.0006789413
-3.104198E-05
-0.0007104359
0.001339984
0.0008007413
-0.002106527
1.020777E-05
0.001820093
-0.0009060216
0.0009814095
-0.00137956
-0.0003327181
-1.48825E-05
0.000313018
0.001048002
-4.14382E-05
-0.0003717403
0.0006918857
-0.002030685
0.0006804688
1.020212E-05
-0.0001673719
0.0003913377
0.0009189181
-0.000648247
0.0005488335
0.0003708689
-0.0008792437
1.180787E-06
0.001177234
-0.00144404
0.0005566899
0.001197592
-0.001347195
-0.0002950208
0.0007743721
-0.0007170567
0.0005383695
0.0005658548
-0.001068901
-0.0002161748
0.001023305
-5.82094E-05
-0.001496921
0.001179628
-0.0003480675
-0.0001660402
0.0006147313
-0.0003632519
-0.0007626241
0.0009373239
-0.0002953149
0.001047153
-0.0005371144
-8.740881E-05
0.0009148945
-0.0008813539
0.0009130904
-0.0007910716
-0.00112451
0.0004395818
0.0001569912
-0.0002830121
0.0006984629
-0.0006316664
0.0002581751
0.0005902344
-0.00026526
-0.0001791728
0.0004844895
-0.001719512
0.0002711642
0.001032774
-0.001733651
0.002177298
-0.0008732883
0.000336047
0.001130918
-0.001354717
-0.0003312856
-0.000250572
-0.0005871138
0.001642712
-0.0004373326
0.0002160933
3.239858E-05
-0.0003668262
0.000526612
0.0001840461
-0.0008638455
0.0006676489
0.0005945437
-0.0001466229
-0.0006969663
0.0007261894
4.679987E-05
-0.0007354986
3.701682E-05
-0.000287391
-0.0004179762
0.0009608809
0.0007647214
-0.001529181
0.0001357526
0.0003099499
0.0008025159
-0.0001243881
-0.0009687854
0.00127315
-0.0008562472
-1.259328E-06
0.0003349199
-0.0005560712
-0.0008932013
0.001429611
-0.0005666329
8.709214E-05
0.0003085557
-0.00138714
0.00154291
0.0003104217
-0.001221142
-0.0004596896
0.001748326
-0.0009343249
0.0001325185
0.001578469
-0.0007687388
-0.001343352
0.0006564204
0.000823371
-0.0005364321
0.0002567434
-0.0005472689
0.0003147384
-0.0007380568
0.001583426
-0.0008290854
-0.001750665
0.0004533412
0.001062227
-0.0005923855
0.001357398
-0.0003102938
-0.0009308006
0.0001946864
0.00043075
-0.0002220378
-2.308752E-05
-0.0007875796
0.0001275504
0.0008033627
0.0003543805
0.0002121956
-0.0007796502
0.0002263461
-6.732525E-05
-0.0002873476
0.0003523083
-0.000635064
0.001019228
0.0005473105
-0.0003518939
-0.00127212
-0.0004233923
0.000149069
0.001004878
-0.0009490062
0.0005517698
-0.002388737
0.003589953
-0.002843105
-5.258988E-05
0.0002975335
0.0003536199
0.001149104
-0.001512303
0.002939482
-0.001050896
0.00179574
-0.001901043
-0.001939076
0.002459064
-0.006299253
0.004502331
-0.002514544
-0.001112679
0.006865488
-0.004590545
0.01054761
-0.008125714
0.005452125
0.0007837491
-0.01121543
0.007282837
-0.01398889
0.007499241
-0.003633524
-0.001890376
0.01493105
-0.008416286
0.01739393
-0.008365906
0.001896781
0.00164593
-0.01369949
0.008868922
-0.01595427
0.005808293
-0.007467894
0.00567687
0.002366876
-0.003774445
0.01818634
-0.01140443
0.02346051
-0.01557424
0.007890098
-0.00108288
-0.02016021
0.01619366
-0.03318245
0.01980822
-0.01415469
-0.002256857
0.03056336
-0.02054421
0.0368332
-0.01483322
0.01299268
-0.004671318
-0.01597325
0.01002072
-0.02762118
0.01275144
-0.02512319
0.01577486
-0.01233432
0.006467206
0.01781843
-0.01468188
0.04725764
-0.03138909
0.0392165
-0.01400431
-0.003911443
0.004555225
-0.03792629
0.02611305
-0.06758739
0.0368485
-0.02309141
-0.01419269
0.04759633
-0.02081052
0.0530398
-0.01620051
0.0150228
0.007086477
0.001907134
-0.02085211
-0.004042374
0.02298947
-0.09613368
0.05306615
-0.0125063
-0.06828421
0.09761598
-0.0008954596
-0.02224307
0.05566099
-0.06094864
0.01028175
0.03872468
-0.05917769
0.07892074
-0.01688825
-0.02859792
0.03441972
-0.03031488
-0.03339148
0.03455088
-0.00303727
-0.0206108
0.03156383
-0.04857845
0.02952268
-0.04234829
0.01901333
0.01111072
-0.02769576
0.07369511
-0.03296598
0.04590879
-0.001698785
-0.01663021
0.002316132
-0.02070171
-0.01603719
0.01436942
-0.01174367
-0.02250749
0.0526956
-0.06283763
0.03450419
-0.01696073
0.001839051
0.01258388
-0.0166498
0.03892678
-0.04235641
0.05862586
-0.03295526
0.04675518
-0.01469896
-0.002431833
0.02510832
-0.03791134
0.01666346
-0.04266338
0.0360581
-0.07507819
0.01822422
0.01361758
-0.07166614
0.09394962
-0.01572019
-0.007080533
0.0648906
-0.05952607
0.04227809
-0.05310638
0.02592015
0.02029125
-0.08531165
0.1537433
-0.09791368
0.06556373
0.0137753
-0.08179312
0.04541382
-0.07731339
0.02079904
0.009432505
0.005751364
-0.03205106
0.08473855
-0.06237708
-0.008853715
0.05581569
-0.06195736
0.02770019
-0.01260489
0.01598641
-0.04672466
0.02016928
0.04676072
-0.05348977
0.05300892
0.01443805
-0.06059142
0.1169981
-0.03182518
-0.007122986
0.04377297
-0.08883898
-0.01246157
-0.07594425
0.01626591
-0.02793534
-0.002907243
0.1389674
-0.05231977
0.02731519
0.04004054
-0.1025068
0.05058427
-0.03778456
0.03329704
0.04585926
-0.04362677
0.01653654
0.009220001
-0.03833131
-0.02266411
0.09544802
-0.06090686
0.029639
0.01101409
-0.02727141
-0.04344736
0.008795756
0.01964935
-0.06155619
0.07046242
-0.02275256
0.01739178
0.05238035
-0.03043648
0.003955883
0.03150628
-0.1200537
0.06656866
-0.07463849
-0.03460535
0.1413427
-0.1475685
0.1755517
-0.02564813
-0.06186391
0.1105609
-0.1139227
-0.0004850018
0.03046313
0.005857857
0.01284026
0.02935586
0.01481405
-0.03005029
0.01775108
-0.003883253
-0.04379151
-0.005100925
-0.01118856
-0.04168741
0.002516061
0.01067819
-0.04286935
0.06334983
0.001731548
-0.008334863
0.04227415
-0.02786755
-0.007310163
-0.007668086
0.002138818
0.01141033
-0.001521354
0.07113387
0.02681779
0.005584512
0.08542122
-0.101111
0.08034149
-0.07739558
0.01032499
0.02099776
-0.02439106
-0.01260009
0.009597309
-0.006897406
-0.06685996
0.04662843
-0.003380952
-0.03590181
0.08333391
0.00118569
-0.08858582
0.1024248
-0.1167518
0.005883985
0.03316782
-0.05907723
0.04575821
0.08172284
-0.05482715
0.05488976
-0.02186513
-0.06166593
0.07621228
-0.1230537
0.03828144
0.05983056
-0.1433479
0.1210199
0.03626081
-0.1366409
0.2247016
-0.1131015
0.01778957
0.04932201
-0.09283529
0.0868466
-0.04142034
-0.03723718
0.04928381
-0.02051242
-0.03282079
0.04592255
0.02553982
-0.03601619
0.02560127
0.03517064
-0.1365102
0.05598899
-0.02355663
-0.04705657
0.1090434
-0.04652444
0.01594231
0.09539551
-0.1115762
0.01216197
0.0488674
-0.1457282
0.1210681
-0.03863297
-0.04868294
0.1654678
-0.1503338
0.1295691
0.06691122
-0.1550692
0.1968776
-0.1111371
-0.03446055
0.04242187
-0.04668134
0.005201632
0.03832067
-0.004104171
-0.02386311
0.08653472
-0.07158394
0.006694446
0.03993361
-0.07872361
0.0291271
-0.01237157
-0.04507971
-0.04955371
0.009172377
-0.02626128
-0.001203282
0.05337335
0.0008464636
0.04591084
-0.02796595
0.05767379
-0.08677916
0.08570744
-0.08907146
0.04905491
0.07606855
-0.1197135
0.1261523
0.02456403
-0.1417941
0.1862071
-0.0744838
-0.04274303
0.1057993
-0.1361161
0.1019214
-0.03751158
-0.02219724
0.1058224
-0.07143009
0.03390185
0.03565485
-0.1132184
0.07828719
-0.1017247
0.05744415
0.003013127
-0.06673108
0.0416154
0.004305827
-0.07960088
0.07149594
-0.05005557
0.01589643
0.09551847
-0.076295
0.1124581
-0.04401215
-0.06611723
0.02067667
-0.01510146
-0.07264016
0.1335299
-0.0724793
0.03529125
-0.003440156
-0.08112359
0.03659091
-0.03433364
0.01616597
0.01722508
-0.006339376
0.06537054
-0.1306448
0.1420172
-0.05430642
-0.02848185
0.1550506
-0.1291377
0.08474194
-0.02406633
-0.05882736
0.07006601
0.02464369
-0.1279378
0.2079433
-0.1208706
-0.028992
0.108528
-0.06395189
0.01679364
0.03479594
-0.03563622
0.02319304
-0.09920544
0.07238854
0.04753762
-0.1064598
0.2620844
-0.1132841
0.04254413
0.06519794
-0.1681942
0.057887
-0.03572533
-0.1312472
0.08238631
-0.02761961
-0.1036688
0.1164022
-0.005185052
-0.09699482
0.1342904
-0.07519268
-0.0293601
0.08239394
-0.08039689
0.03677168
0.02750469
-0.01616087
0.01257424
-0.03526309
-0.0005905791
-0.06509745
0.09180009
-0.0863469
0.04048659
0.01417928
-0.06607361
0.06470172
-0.04908343
0.03407121
-0.01336776
0.01581998
0.0356092
0.01115488
0.02020141
0.00431479
-0.03123474
-0.05262617
0.02563703
0.0529341
-0.03244964
0.09200048
0.001215438
-0.08725563
0.1074166
-0.179386
0.1184869
-0.01234115
-0.05868206
0.1400581
-0.1312859
0.08496305
-0.04278541
0.03941516
0.003765734
-0.04113514
0.001719304
-0.008701768
-0.02211872
-0.05665582
0.03014497
-0.01581214
-0.1357759
0.1328558
-0.1039691
-0.0223994
0.1520628
-0.1404041
0.1408589
0.005940406
-0.03678414
0.02292147
-0.07872897
-0.007124185
-0.08781814
0.1589467
-0.02308215
-0.04497389
0.2309199
-0.2373769
0.1257842
-0.03699857
-0.08778438
0.08274733
-0.0460614
-0.0626226
0.122404
-0.1001476
-0.01071322
0.04422325
-0.007446418
-0.01825406
0.04773291
0.07851879
-0.07441513
0.03267404
0.08592963
-0.1474502
0.07076577
0.003514076
-0.003777682
0.04242355
0.05407387
-0.04062248
0.05817419
-0.03464034
0.001419123
-0.0331142
0.005734778
0.0003596273
-0.1069145
0.1805487
-0.1669818
0.007099476
0.1245491
-0.2127317
0.07531529
0.04744486
-0.1717155
0.2286597
-0.1750216
0.03863285
0.07472783
-0.1298937
0.02649414
0.1700648
-0.196606
0.1019086
0.05735354
-0.1744831
0.09579802
-0.001541517
-0.06789503
0.1163588
-0.07723282
-0.08158629
0.1290464
-0.1497675
0.1140198
0.04847565
-0.01736171
-0.07868461
0.1293804
-0.2071557
0.06338555
0.07565564
-0.1484332
0.2230242
-0.06125604
-0.08156624
0.1612746
-0.1554298
0.01922134
0.03953977
-0.07937867
0.005659048
-0.02825163
0.01607952
0.04730504
-0.0653453
0.08699386
-0.007139077
-0.1105124
0.02237077
0.04488462
-0.1610766
0.1794668
0.0008842254
-0.1225972
0.1758647
-0.1189882
-0.03996712
0.1617796
-0.1445069
0.1052476
0.02950151
-0.08219734
0.07850073
-0.04649713
0.07008
-0.02088537
0.08513097
-0.07931026
0.0714151
-0.04963945
-0.02359987
0.02644073
-0.02336604
0.02536472
-0.002091626
-0.08646896
0.04516568
-0.1541516
0.1329478
-0.008857348
-0.05525312
0.1654641
-0.1438435
-0.02246251
0.06048158
-0.1805385
0.1473125
-0.1122148
0.1034865
0.1117853
-0.1974598
0.2197672
-0.1395578
-0.05936695
0.1716761
-0.1673439
0.07520667
0.0876401
-0.1534281
0.1508961
-0.09834982
-0.009880348
0.1242683
-0.1170518
0.1004897
-0.03159982
-0.05342769
0.1200806
-0.1006357
0.06195231
-0.02456944
-0.06790362
0.02228359
-0.01395572
-0.01430219
0.01392603
0.01008497
0.002048777
-0.1109295
0.04693069
-0.04155247
-0.04574744
0.1248321
-0.1008295
0.01891189
0.07301107
-0.1109229
0.06046129
-0.01807785
-0.09622788
0.1567966
-0.1374535
0.01442724
0.04689503
-0.06705167
-0.03015624
0.187981
-0.2171455
0.1775929
0.05048534
-0.1058159
0.1904498
-0.07110428
0.05398246
0.04137694
-0.1276526
0.07696739
-0.04769288
-0.05250344
0.04259092
0.003427959
-0.01318467
0.01172018
0.08143979
-0.1464149
0.1226167
-0.0562526
0.05256281
-0.05137534
0.03348852
0.03433114
-0.1650304
0.1363821
-0.06629413
-0.1522328
0.1600513
-0.07752012
-0.00556621
0.1499376
-0.08972047
0.1036012
0.02792487
-0.072767
0.04973023
-0.06087737
-0.08392639
0.1280193
-0.1015793
0.07696158
-0.009996684
0.02669792
0.008671965
0.02271193
-0.06286293
0.04973577
-0.1430877
0.1292928
-0.1264686
0.07930512
0.07387718
-0.1166432
0.1779427
-0.1128709
-0.02691409
0.1017956
-0.1523848
0.1137884
-0.01989712
-0.06016003
0.08477882
-0.02409996
-0.09613562
0.05391393
-0.09716169
0.01776044
0.1202776
-0.184497
0.2082436
-0.05052052
-0.0747733
0.1547176
-0.07068483
-0.02288721
0.06649677
-0.09967678
0.05639746
-0.0950093
0.02539761
0.07835257
-0.1609312
0.1422301
-0.0489903
-0.02399014
0.02022977
0.07513189
-0.07436362
0.08310418
0.005689292
-0.1075352
0.09279124
-0.03946932
-0.06164927
0.04007213
0.009438439
-0.05302525
0.08438471
0.09431017
-0.181349
0.08869592
-0.05309713
-0.1187318
0.09958876
-0.03431054
-0.06701332
0.1195232
-0.06101772
-0.04097378
0.02134822
-0.02293983
-0.02041501
0.1103341
0.0004778482
-0.0637408
0.05126721
-0.01428894
-0.1291556
0.06634963
0.03854276
-0.1660616
0.291815
-0.08665279
-0.04035972
0.1599511
-0.1774211
0.004117933
-0.0145863
-0.07065225
0.05765147
-0.08932293
0.1299086
-0.01824644
0.02684893
0.0437851
0.01726738
-0.07833929
0.02788246
0.00640838
-0.005868425
0.03355155
0.01133959
-0.03756894
0.05003189
-0.1763413
0.1337559
0.0007823282
0.0148327
0.1105885
-0.0117694
-0.08168054
-0.01277951
-0.04096796
-0.02765145
0.04685327
-0.05995697
0.1169186
-0.03470565
-0.02132202
0.05577451
-0.02358445
-0.001046271
0.05177864
-0.1513346
0.05123666
-8.021588E-05
-0.1135097
0.207521
-0.003403123
-0.1700995
0.2715539
-0.1973803
-0.1092178
0.1691017
-0.1581774
0.080247
0.06274102
-0.03874239
-0.01802454
-0.07843306
0.08818867
-0.1109378
0.07427502
-0.004286972
-0.07690758
0.02283642
-0.07691199
-0.01436806
0.01783244
0.002111969
0.1091257
-0.04330519
0.05261772
-0.05339927
-0.03484043
0.003461819
-0.09245741
0.1168023
-0.04899798
0.04870632
0.08259647
0.01442893
-0.03957386
0.06867911
-0.02479352
-0.0858703
0.03823751
0.05239907
-0.07719248
0.06104399
0.06074494
-0.1631258
0.07628579
-0.04276873
-0.06049996
0.1024736
0.006995823
-0.07961197
0.09788588
-0.1505804
-0.06233096
0.1839467
-0.2470442
0.1214951
0.1007355
-0.2809389
0.2868617
-0.1262608
-0.002604207
0.2171364
-0.2357246
0.1083885
0.09020745
-0.2600602
0.1401683
0.02173085
-0.2062057
0.1782271
-0.02086804
-0.03824213
0.07920051
-0.01028243
-0.05927653
0.0511851
-0.05491173
-0.01710485
0.06912372
-0.05733615
-0.02888875
0.1113457
-0.06791423
-0.0267834
0.07936186
-0.1484996
-0.0333741
0.04926823
-0.1321172
0.2040536
-0.07749508
0.03685569
0.09709459
-0.124122
0.03139767
0.01585607
-0.03061309
0.08437822
-0.0914735
0.05142499
-0.015398
-0.05348298
0.02882739
0.116886
-0.09596641
0.115955
-0.01492808
0.007579275
-0.0559723
0.003967791
0.02360664
-0.01567452
-0.07689431
0.1191453
-0.1115229
0.02516446
-0.0005301392
0.05072814
0.07305497
-0.1057377
0.1672348
-0.1407821
-0.0821171
0.1411791
-0.166227
0.03214568
0.07070174
-0.0469551
0.06263972
-0.05960715
0.1137982
-0.1207629
0.0862912
0.03485626
-0.1362931
0.1542665
-0.1673825
0.04238359
0.1092142
-0.1488014
0.1726659
-0.02963237
-0.1001654
0.1480417
-0.1603875
0.0589649
0.03555692
0.0002053171
0.01975364
0.0350045
-0.02219158
-0.008792072
-0.03628723
0.03721615
-0.08748128
0.04819892
0.08190335
-0.186626
0.140153
-0.02997713
-0.1434787
0.1998155
-0.1719643
0.08214632
0.04487351
-0.08280501
0.04194546
-0.02287512
-0.07091487
0.06678148
-0.09295929
0.06036548
0.006653904
-0.02516749
0.1138011
-0.06390157
0.0432372
0.006168601
-0.05551557
-0.01117854
0.01387062
-0.1050436
0.1216258
-0.05037199
-0.02946632
0.202566
-0.1276117
0.1419316
-0.03546642
-0.01675911
-0.03093751
-0.0346321
0.06555175
-0.05007299
0.04615768
0.03303659
-0.07450847
0.04377376
-0.03432228
0.04084446
0.03221055
0.05018615
0.03006815
-0.08366529
0.07473151
-0.07671586
0.05734074
-0.01026352
0.02198176
-0.01775856
0.01703887
0.02865968
-0.01295102
-0.0114088
0.1146201
-0.203459
0.09558827
-0.03120535
-0.08377294
0.02706173
0.08028311
-0.1303173
0.06839861
-0.009195199
-0.005025962
0.04151417
0.01914952
-0.106252
0.1438007
-0.1352491
0.07435845
0.03644321
-0.04870601
-0.03588163
0.09740712
-0.09181657
0.06907418
-0.01924967
0.006094328
-0.009709434
0.04430116
-0.1015393
0.1021919
0.005061986
-0.0466529
0.09553742
0.04429865
-0.1709044
0.1252874
-0.1080421
-0.03783619
0.1465546
-0.1222066
0.1951913
0.01465712
-0.1632109
0.2343247
-0.1747622
-0.09805989
0.24509
-0.218313
0.1001536
0.1021212
-0.1852884
0.2007717
-0.05610693
0.00157036
0.117604
-0.1628035
0.0471908
-0.01684873
-0.04443001
0.000667439
0.06624445
-0.09815412
0.0438961
0.06707967
-0.1718335
0.1135188
0.06582876
-0.1714105
0.2237974
-0.02778991
-0.1344813
0.1359505
-0.08215806
-0.1220183
0.1548155
-0.09779622
0.020033
0.1086143
-0.120362
0.04424583
0.1117758
-0.2108745
0.1537104
0.009967949
-0.1726571
0.1968873
-0.09355887
-0.08901194
0.07768641
-0.0706211
0.110077
-0.02914626
0.08887906
-0.06012143
-0.01450998
-0.004137948
-0.05064562
0.01844782
0.05574021
-0.02815567
0.1509531
-0.1246078
0.07336785
-0.07729424
0.05058527
0.007128164
-0.0005653129
0.03148267
-0.01364617
0.0100901
-0.001425992
-0.03913287
0.02614239
-0.0341631
-0.006910531
-0.04078791
0.05440264
-0.04808889
0.02622511
0.09464997
-0.1734082
0.1129538
-0.1014362
-0.03204613
0.07944359
-0.07479654
0.1284693
0.003107824
-0.08781612
-0.03987975
0.01595592
-0.09011964
0.05136717
0.1539988
-0.1232288
-0.003554645
0.1096406
-0.2238909
0.1420113
-0.01279732
-0.02792078
0.1135102
-0.1196283
-0.0192698
0.03151916
-0.09309775
0.03600208
0.117084
-0.08875372
0.04374608
0.1003488
-0.02192749
-0.07243001
0.1348789
-0.09219217
-0.09409401
0.07882646
-0.02391773
-0.06421407
0.1879745
-0.06702122
0.08549776
-0.03423779
-0.001549239
-0.02869876
0.001120704
-0.01078666
0.04762121
-0.02767751
0.04566254
0.006265962
0.01249344
0.03243024
-0.02543213
0.01094021
-0.005740642
-0.07499311
0.02917136
-0.01470596
-0.023529
0.07420255
-0.005301706
-0.06847794
0.08370063
-0.06533158
-0.06424639
0.1116114
-0.0677451
-0.004989084
0.03298332
-0.02359959
-0.07335949
0.1131418
-0.03584971
-0.02231761
0.05192647
-0.08677237
-0.02857994
-0.002092185
-0.04884553
0.05353868
-0.05772568
0.03944087
0.08785284
-0.1641458
0.1974142
-0.03066753
-0.03945357
0.162649
-0.1158236
-0.03196374
0.05115048
-0.1056956
0.01117701
0.001504745
0.1009893
-0.03444097
0.1112805
0.02270474
-0.03579254
0.01932297
-0.03909002
-0.05156408
0.03230076
-0.01386208
0.0207386
-0.003906437
-0.02784441
0.003538961
0.07801606
-0.1415918
0.1085443
0.006514249
-0.1217871
0.126407
-0.0112598
-0.08159337
0.09660646
-0.01562112
-0.04826521
0.001637758
-0.01294478
0.004749077
-0.0008075372
0.07852782
-0.04541705
0.004948916
-0.00096178
-0.07797353
0.08741987
-0.05287497
0.01427986
0.03327553
-0.03680743
0.06251543
-0.06733339
0.06338935
0.04551807
-0.06974661
0.0402162
0.03374248
-0.1382092
0.1246201
-0.03526618
0.01487888
0.04304899
-0.03072415
0.008045547
-0.01043298
-0.01863135
0.05446322
-0.06377324
0.03570592
-0.007997446
0.01823915
-0.06517429
0.03117761
0.02898856
-0.09852604
0.147977
-0.02434496
-0.08613992
0.1851788
-0.1890911
0.05164348
0.03290158
-0.1145743
0.1378305
-0.05930726
0.04355608
0.01898534
-0.06639083
0.05387662
-0.01754881
-0.01519612
0.00037811
0.04008643
-0.0530922
0.0456923
0.03662761
-0.007594276
-0.09410495
0.1492199
-0.06696175
-0.07365
0.138973
-0.03413854
-0.06134893
0.1591825
-0.1302441
0.02275464
-0.003360926
-0.05746572
0.0916642
-0.1014857
0.04778305
0.04073912
-0.1355056
0.1140141
-0.09449633
0.01394472
0.07622667
-0.01733575
0.01925757
0.05928019
-0.01935469
0.01524771
-0.006922275
-0.0300663
-0.02151245
-0.02351474
-0.05970704
0.1146336
-0.06048323
0.03639425
0.09171418
-0.1118423
0.002474895
-0.0004098078
-0.02702693
0.008030289
-0.01987236
0.06216382
-0.07659985
-0.02192139
0.1087899
-0.1279696
0.138396
-0.08789991
-0.03490496
0.06177638
-0.1201605
0.08702305
0.05451004
-0.08689036
0.07562166
-0.0133063
-0.02137233
-0.1069444
0.1666607
-0.1825665
0.0450426
0.1367952
-0.1337364
0.125246
-0.0002931484
-0.1155585
0.1360534
-0.1530816
0.08127876
-0.005898239
-0.02838886
0.03802423
-0.008226508
0.01559135
-0.01234595
-0.002043471
0.04910753
-0.07774441
0.03109976
-0.0113584
-0.03459937
0.05930223
-0.01543949
-0.002038535
0.03848903
-0.06377688
0.03967264
-0.03542482
-0.0351827
0.1259396
-0.1151617
0.09370276
0.01033974
-0.1384346
0.1813226
-0.1411649
-0.01935649
0.08259318
-0.09696221
0.09019843
-0.03669185
0.03540827
-0.007434509
-0.03952988
0.07300108
-0.04347993
-0.02357866
0.006650297
0.03241224
-0.02500773
-0.02924261
0.0802209
-0.04334323
0.005591278
0.042295
-0.02267074
-0.0191955
-0.04029705
0.0516742
-0.003645311
0.005627636
0.02623701
0.01029809
-0.04458488
-0.08469532
0.08072736
-0.08825292
0.03367416
0.06257507
-0.02336497
0.08567271
0.01230109
-0.06151349
0.06637692
-0.1223394
-0.02235041
0.06580436
-0.1020916
0.01405035
0.09868454
-0.0727256
0.03679402
0.03240884
-0.05028231
-0.02101338
0.007941442
0.009465507
-0.043317
0.04524392
-0.008825845
-0.03490206
0.1076774
-0.08162838
0.07707537
-0.01301356
-0.06527688
0.06112403
-0.03024942
-0.05462294
0.1309049
-0.07788973
0.05044464
0.008036467
-0.03681077
-0.01957349
0.0223438
-0.06467061
0.04678393
0.03952855
-0.05284343
0.0511057
-0.01651116
-0.02315673
-0.0254638
0.01267211
-0.0427969
-0.04211646
0.06863641
-0.03992984
-0.009688715
0.05530483
-0.03764149
-0.009691441
0.03619496
-0.02445036
-0.04251154
0.001626058
0.01121673
-0.06540863
0.1151078
0.01413996
-0.06883767
0.1290517
-0.1022701
-0.05084505
0.1132246
-0.1652787
0.09925816
0.06726351
-0.1144848
0.0762729
0.07347116
-0.1900289
0.1836604
-0.008576057
-0.1083095
0.1246935
-0.08262354
-0.03599024
0.1292241
-0.1237632
0.09297548
0.03730502
-0.09160474
0.05177818
0.01899363
-0.09560509
0.03612318
0.08941151
-0.09113393
0.02885878
0.02656382
-0.1001307
0.07352496
-0.0409144
0.02290318
0.004343696
-0.03426751
0.05587208
-0.06526196
0.0722558
-0.04443753
-0.01634024
0.06351956
-0.1205973
0.05054442
0.0317524
-0.04920838
0.07994009
-0.0191979
0.004784083
-0.0005392149
0.001544908
0.04350372
-0.0327167
0.02784919
0.01579155
-0.05260033
-0.02932487
0.02858098
-0.02452604
0.04643617
0.04512469
-0.02370639
0.04056459
-0.06638444
0.005394068
0.01858131
-0.08176192
0.1343073
-0.1215652
0.069581
-0.0007555462
-0.126361
0.1220271
-0.09497839
0.05839324
0.09252541
-0.07979809
0.1183953
-0.07866134
-0.01851835
0.01258297
-0.1176153
0.05836346
-0.005784336
-0.03225115
0.1269523
-0.06020398
0.006591565
0.04607943
-0.04254199
-0.03712048
0.0731539
-0.1022882
0.07704489
-0.002126904
0.03966945
0.06466874
-0.1225583
0.09521905
-0.04295283
-0.06858484
0.1458657
-0.1052339
0.09606051
-0.02434992
0.02474796
0.02561878
-0.1335629
0.09931307
-0.03591296
-0.08214053
0.1009987
-0.04380361
0.05692777
-0.004219133
0.05382368
-0.003956798
-0.08901203
0.09559785
-0.08393504
-0.02720275
0.01819473
-0.01176797
-0.02700376
-0.07937166
0.1100361
-0.09397969
0.05330659
0.1184083
-0.1218139
0.07327865
-0.06161451
0.003628479
-0.04516282
0.0296227
-0.02425122
0.01092186
0.01397298
0.01603679
0.01613024
0.00424832
-0.05768305
0.07895467
-0.1113544
0.05065169
-0.0189194
0.02578674
-0.03578101
0.03158817
0.01818695
-0.134751
0.1019585
-0.01813406
-0.07538143
0.1417703
-0.1450559
0.1153204
-0.02133008
-0.02566996
0.06273476
-0.08325207
0.005275427
0.01006141
-0.06636453
0.03319344
-0.03287219
0.01463699
0.05261464
-0.02601595
0.04752696
0.0384804
-0.1026638
0.1047784
-0.05518429
-0.06155383
0.06633824
-0.03673093
-0.08221389
0.139543
-0.05040946
-0.02661933
0.09429683
-0.005120146
-0.06777252
0.1243946
-0.07577622
-0.08246827
0.08305676
-0.0614486
-0.08201773
0.08704103
-0.0973961
0.0783275
0.04776277
-0.01426309
0.05571323
-0.03986496
-0.04344012
0.02465121
-0.09452298
0.03832289
-0.00308932
-0.01780416
0.04187424
-0.01448102
-0.074092
0.06200834
-0.03817666
0.02066311
0.02443434
-0.03659289
0.01728907
0.008942139
-0.06679654
0.04723967
-0.05504913
-0.0184855
0.03236465
0.02049271
-0.05122894
0.06811106
-0.0199358
-0.02875756
0.007278515
0.03466183
-0.06449495
0.120612
-0.08236293
0.06880525
0.006064406
-0.0634236
0.05861257
-0.06722718
-0.02565986
0.01309231
-0.04087345
0.07250898
-0.06543858
0.09226048
-0.02552569
-0.006838592
0.004963379
-0.04180654
0.03427492
-0.08191045
0.02654493
0.03795807
-0.08182125
0.07906803
-0.01190418
0.01098954
-0.02595172
0.00681042
-0.01769204
-0.03784168
0.02822179
-0.03652241
0.004597167
0.08779597
-0.1278453
0.2371865
-0.1078206
0.06451462
0.008698635
-0.07567189
-0.03016214
0.003618737
-0.001105747
0.05678031
-0.002848421
0.01699683
-0.01318305
-0.05875934
-0.04771623
0.0638625
-0.03800444
0.02828434
0.08706519
-0.05554663
0.009377582
0.004868111
-0.04618359
0.02359151
-0.06702016
0.0404858
-0.02966355
-0.05125227
0.1180348
-0.08260848
0.0316567
0.0969763
-0.1014583
0.03144018
0.0002515508
-0.04904938
-0.03586341
0.08927865
0.002042224
-0.05043187
0.1332187
-0.01675072
-0.07998206
0.1151204
-0.09545825
-0.01412519
-0.01301126
-0.02411021
-0.01140409
-0.03389767
0.05062825
0.01027091
0.04521109
0.02056391
0.01810728
-0.0217575
-0.03741372
-0.04088124
0.01131552
-0.003271879
-0.005193905
0.05313571
-0.01698743
-0.007935327
-0.04436269
0.01330618
-0.01512265
0.01070928
0.07970762
-0.005568464
0.01581405
0.04964807
-0.1148112
0.09216373
-0.09705373
0.02296437
0.03536879
-0.03507797
0.01184463
0.001292885
0.05049013
-0.05581346
0.02573299
0.04979036
-0.1407471
0.1173336
-0.05489575
-0.008730195
0.0328967
0.007891468
0.008281047
-0.04516464
0.02097996
-0.02342016
-0.06049951
0.06719819
0.007837293
-0.09238645
0.1349345
-0.07680163
-0.02104881
0.05206576
-0.05312605
-0.0340361
0.1033236
-0.04007677
0.04401102
0.02997296
-0.05236471
-0.01264392
0.02148456
-0.06852654
0.04685048
-0.01959505
-0.01499279
0.003954503
0.02635965
-0.02747581
0.05502176
0.0418085
-0.03406768
0.0826796
-0.03617436
-0.05099064
0.05771645
-0.02114597
-0.002208936
0.004715459
0.02445611
-0.06438737
0.03717827
-0.02417246
0.01940223
-0.05267394
0.05377903
-0.02726823
-0.02097483
0.02632172
0.002707565
-0.005289217
0.06049201
-0.06311118
0.06474011
-0.1073124
0.05850394
-0.04019909
-0.05746272
0.0636486
-0.01229902
-0.04063673
0.1327028
-0.1207155
0.09452821
-0.1001659
0.05804668
-0.01412961
-0.05405148
0.09496237
-0.008690595
-0.02946571
0.08557834
-0.09076924
0.02066856
-0.0447409
0.01134521
-0.02842171
0.08605579
-0.1286028
0.1525033
-0.03929528
-0.1110495
0.1581103
-0.0965222
0.02211733
0.08337908
-0.1067759
0.06993593
-0.1227993
0.1022763
-0.1071642
0.09627768
-0.01354287
-0.05396618
0.1291016
-0.08453391
0.001246142
0.1511586
-0.1821891
0.1158542
-0.06747632
-0.005119838
-0.04730323
0.005525589
0.008323679
-0.05584189
0.09038001
-0.05207524
0.00335259
0.09504861
-0.1238482
0.07518739
-0.06961559
-0.04244432
0.003214304
-0.004115072
-0.01277336
0.05099487
0.02620001
0.0262819
-0.000406417
-0.003963185
-0.06776196
0.05609963
-0.1371055
0.0965566
-0.008736739
-0.04119472
0.07605645
-0.01248412
-0.02118235
0.0640721
0.004016959
0.01516742
0.03593602
-0.01195132
0.01266647
-0.03189305
-0.06304389
0.004416662
-0.05285007
0.03456356
0.01417885
0.02441486
0.0533734
-0.01085222
-0.03816909
0.05843545
-0.1438266
0.07939555
-0.03512507
-0.02081323
0.05420955
-0.03016009
0.02280383
-0.01314769
-0.006075724
0.02517112
-0.05496759
0.07291877
-0.05404472
0.006034404
0.06659911
-0.04406334
0.03200157
-0.01671784
-0.01758907
0.002045483
0.0191446
0.03308057
-0.01462273
0.06161243
-0.08747818
0.03923481
-0.07193916
-0.03436154
0.09168357
-0.08170842
0.09570735
-0.001394718
-0.09360532
0.1331092
-0.1661911
0.08299968
-0.02794221
-0.07093394
0.1308301
-0.04274549
0.02957759
-0.0245232
-0.04232446
-0.02097591
-0.01807129
0.01898049
-0.01828364
0.04535845
-0.02064255
0.01459564
0.02160531
-0.07146508
0.09911983
-0.08609056
0.03111176
0.002556897
-0.08733795
0.0886934
-0.08362014
0.04185002
-0.02933561
0.007153485
0.03822095
-0.05645111
0.1077416
-0.07097086
-0.02018102
0.1242409
-0.1671207
0.05380934
0.06381527
-0.1753796
0.1621438
0.004369891
-0.1057048
0.1766648
-0.09625921
-0.005882814
0.1041413
-0.1388216
0.1196214
-0.07585131
-0.05790623
0.05322988
-0.08120809
-0.005277994
0.1141802
-0.1124408
0.1475834
-0.05983134
0.0189603
0.02869085
-0.05207432
0.03760423
-0.01128604
-0.06076503
0.06917637
-0.1052604
0.0648954
-0.07370214
0.03771869
0.0532299
-0.02321771
0.09276973
-0.03303691
-0.05122006
0.07963948
-0.06130115
-0.001833175
0.05680534
-0.05674665
-0.007917968
0.02591337
-0.0509363
0.02940205
0.0388201
-0.01122221
0.04245231
-0.004597837
-0.04849376
0.07423092
-0.09883771
0.05970505
-0.004058263
-0.05075723
0.0678394
-0.01999132
-0.01142333
0.07286296
-0.07422975
0.06186878
-0.0441225
0.007455629
-0.01353622
-0.02047422
-0.023866
0.02505545
-0.02786239
0.1220127
-0.1248651
0.1213344
-0.09024672
-0.07049502
0.08870679
-0.1119458
0.07268193
0.08910003
-0.04422834
0.03322206
-0.03004793
-0.1014199
-0.0231317
0.0004247484
-0.0381645
0.1068276
0.01776094
-0.0226362
0.06473319
-0.09848647
-0.05374013
0.08864643
-0.1121679
0.0357268
0.03303901
-0.05928684
0.03286146
-0.0548081
0.01224182
0.02519309
-0.04407269
0.1205971
-0.03936983
0.01164011
0.03732613
-0.06580211
0.01858335
-0.01730269
-0.01564337
0.0523049
-0.07436708
0.05133074
-0.01034612
-0.06276
0.07509417
-0.01808072
0.03135893
0.09114935
-0.0559237
0.0274144
-0.01621411
-0.03655591
0.01689234
-0.05330655
0.005618564
-0.02138789
0.04535227
0.01225636
0.0005910839
0.01578092
-0.07277519
0.07060236
-0.1054298
0.06742671
0.02724606
-0.04436086
0.06797712
-0.04719644
-0.0269155
0.009999874
0.006875345
0.05721885
-0.02491492
0.1047789
-0.05303025
-0.03510568
0.02201908
-0.08861684
0.06712918
-0.08547426
0.0807678
0.07021688
-0.1034431
0.1768533
-0.06493797
-0.02589785
0.03682946
-0.03363819
-0.04698419
-0.01719354
0.03922767
-0.04474061
0.04936235
0.03456677
-0.07638206
0.1010126
-0.1163158
0.03129431
0.02270523
-0.09556068
0.07784535
-0.03996271
0.0175999
0.01082814
0.03094433
0.008147182
-0.03222763
0.07581234
-0.1277971
0.04380133
-0.005350121
-0.1337001
0.1526975
-0.1074528
0.03104089
0.1037769
-0.09223896
0.02787425
-0.03621858
-0.01257179
0.01826376
-0.003911255
0.02928735
-0.04528847
0.005425851
-0.08503141
0.02766988
-0.04775234
-0.02742527
0.1132202
-0.06650122
0.0712522
0.01756215
-0.01438109
0.06107373
-0.1228115
0.09367374
-0.03862956
-0.1091921
0.1823667
-0.1165081
0.004258668
0.08921
-0.08760013
0.001841055
0.03405053
-0.03355606
0.02007166
0.01261971
-0.02858219
0.01734599
0.01415031
-0.1089578
0.07649583
-0.02777751
-0.06017242
0.1552932
-0.05508788
-0.01732263
0.04475036
-0.04773364
0.005191359
-0.07044012
0.05125533
0.05074519
-0.102689
0.1202313
-0.02929667
-0.07596547
0.0468905
0.05322964
-0.09595928
0.08763867
-0.02035203
-0.01883155
0.03290557
-0.03000076
-0.04810518
0.05630479
-0.08621465
0.007812083
0.1227573
-0.0848814
-0.004723804
0.1142762
-0.1821242
0.02560923
0.05771274
-0.1186422
0.121253
-0.03407867
-0.01588064
0.05217088
-0.1470916
0.04693002
0.004986019
-0.07048638
0.07806505
-0.01372827
0.01590249
-0.04824631
0.07269324
-0.07381184
-0.01812957
0.04244825
-0.07319604
0.06763258
0.003182001
-0.04088198
0.09000219
-0.05249927
-0.01510536
0.04055853
-0.06140741
0.0152478
0.04050486
-0.07978342
0.05964378
-0.02118776
-0.07753862
0.124443
-0.09206197
-0.001243755
0.1225396
-0.1348393
0.0935225
-0.03575657
-0.04668193
0.06308752
-0.1150683
0.0830207
-0.02662859
-0.02066134
0.08111988
-0.06911169
0.0447082
-0.06002972
0.05948919
0.006604613
-0.07151892
0.1089702
-0.08345205
-0.002396611
0.03129999
-0.05086654
-0.003204785
0.01598066
0.03440241
0.002517658
0.03613558
0.01138162
-0.04675833
0.04501579
-0.06820592
0.03986545
-0.011946
-0.01022841
0.05317212
-0.02854015
0.005528524
0.03559507
-0.04988175
0.03588995
-0.01682969
0.01768158
-0.01333837
-0.0005339229
-0.02660223
-0.03024492
-0.008410047
-0.03848925
-0.002279497
0.07125852
-0.0585786
0.07687952
0.03993255
-0.09941358
0.02395774
-0.05411331
-0.07131831
0.04745335
-0.1026945
0.1356096
-0.02363025
-0.05603666
0.1826472
-0.1967864
0.01131836
0.1087429
-0.1699236
0.1646561
0.01413532
-0.07879013
0.09633858
-0.06057627
-0.08964275
0.102147
-0.06578874
-0.01725235
0.08607626
-0.01959007
-0.04964681
0.1363496
-0.119845
0.0246407
0.02269465
-0.06658044
0.04301755
-0.05148234
0.03425645
0.07373027
-0.07111552
0.1009027
-0.05257173
-0.04227661
0.008382634
-0.001251251
-0.02954818
0.07294574
-0.009131793
0.02738753
0.05478698
-0.1129
0.08958724
-0.07850546
-0.08178911
0.1703055
-0.09237556
0.02868266
0.120765
-0.1046499
0.02221066
0.0273053
-0.08245258
0.02225738
0.0380802
-0.05394059
0.04641275
0.01048397
-0.07850709
0.1036118
-0.07614367
0.01224694
0.05972039
-0.05133175
0.05809376
0.006322591
-0.03653152
0.01943533
-0.02543065
-0.01360222
-0.03415725
0.1049243
-0.06969039
0.08810039
0.01425326
-0.06279906
0.03828176
-0.08477171
0.05387571
-0.01935329
-0.02630655
0.1135188
-0.08411396
0.05515334
0.0156139
-0.05336241
0.02380154
-0.01422927
0.0245461
-0.02326831
0.00425288
-0.006714135
0.0180298
-0.04974267
0.02552503
0.02547709
-0.05471351
0.04140346
0.04254706
-0.0726867
0.08393002
-0.06357679
0.01244102
0.03720922
-0.07327798
0.06678833
-0.01304963
-0.02582663
0.0686847
-0.03219257
-0.008091437
0.02474384
-0.01417068
-0.04834794
0.08697738
-0.0741453
0.0824294
0.01949652
-0.06093001
0.0529917
-0.0483442
-0.004459528
0.08670057
-0.133663
0.1340576
-0.07786746
-0.01112748
0.09243241
-0.0746276
0.09126361
-0.05359223
-0.00855814
0.05895621
-0.1327052
0.120296
-0.01965848
-0.04931242
-0.01073558
0.01510612
-0.03378649
-0.03049539
0.1485847
-0.05267574
0.04978142
-0.002674275
-0.03539758
-0.04158737
-0.06509463
0.1123228
-0.05768074
0.0421421
0.05667877
-0.09510427
0.1038053
-0.1218549
0.05525629
0.03318767
-0.07277492
0.108877
-0.103758
0.02732675
-0.03255108
0.006263406
0.07375433
-0.08977167
0.08849037
0.01141633
-0.1085341
0.1231631
-0.07412496
-0.03259143
0.03717043
0.00326307
-0.03793593
0.08805221
-0.008170576
-0.00768498
-0.004089366
-0.04819796
-0.001501308
0.01131429
-0.05455364
0.132561
-0.09135733
0.01930153
0.08352901
-0.08321775
0.0008833707
0.04413651
-0.06376121
-0.001492871
0.04969116
-0.02587388
-0.01604955
0.05442991
-0.03954165
0.0076381
0.02879266
-0.0707586
0.08595023
0.006684184
-0.04354627
0.07414553
-0.05054522
-0.0415263
0.0405334
-0.006047965
-0.02273354
0.03742166
0.03224704
-0.008291559
-0.01752149
0.008039213
-0.02827448
0.00069467
0.01846577
-0.02281466
0.02974701
-0.007830692
-0.01991265
0.05868044
-0.08505419
0.05337704
0.01385721
-0.04719584
0.05171944
-0.04090236
0.01454118
0.01843934
-0.02539786
0.01213658
-0.02750545
0.04308805
-0.03589884
0.05310337
0.03667863
-0.05777432
0.09401239
-0.05004507
-0.05017175
0.0210577
-0.06515395
0.0435977
-0.004825647
0.01569906
0.02125729
0.00883639
-0.03128883
0.03029841
-0.04008839
-0.03652072
0.005343969
0.01018029
-0.01452891
0.03977101
0.004767039
0.01386075
-0.0454455
0.01709544
-0.03858333
0.01480062
0.00408882
-0.002201663
0.005139182
-0.0460665
-0.01669377
0.05110583
-0.05971069
0.1010126
-0.02462472
-0.03342202
0.03928109
-0.09073768
0.03052099
-0.0004068939
-0.04731748
0.0338156
-0.04790767
0.06434178
-0.06285971
0.08762888
0.01620461
-0.07178973
0.1033842
-0.0861829
-0.05108823
0.07016111
-0.09033161
0.05629864
0.0129322
-0.006577679
0.03509303
0.02288618
-0.02717459
0.0149695
0.001967081
-0.01091396
0.007611825
0.03110596
-0.06455348
0.03014752
-0.02905611
-0.01833744
0.01786935
0.04842632
0.04830292
0.008361058
0.03658461
0.006080998
-0.0993681
0.03841091
-0.008307509
-0.07849552
0.1065951
-0.01097454
-0.02629292
0.09231797
-0.0642826
0.03895944
0.04511698
-0.04946785
0.04502659
-0.01904234
-0.04989553
0.01069579
0.01279848
-0.05550516
0.04165674
0.01965369
-0.03741314
0.05811349
0.01333995
-0.03831305
0.02975655
-0.02317589
0.01350902
-0.02579817
0.06186568
-0.02194907
0.01793102
0.03898902
-0.02937045
-0.01620877
0.05249544
-0.05957275
0.01482545
0.01132404
-0.009733123
-0.02260902
0.02196216
0.0124894
-0.01813174
0.01158678
0.03692257
-0.01740399
-0.03319388
0.0570627
-0.02288688
-0.09097806
0.09946665
-0.04882019
-0.007130023
0.08717239
-0.04003517
0.03139805
0.02227522
-0.06662381
0.02549319
-0.02811484
-0.04138027
0.0513878
-0.03169469
0.0209013
-0.0049285
0.03249623
-0.02432261
0.005840583
0.03520204
-0.004583561
-0.001900722
-0.03792077
0.00780713
-0.01646503
-0.04669015
0.08535367
-0.01767438
0.02017447
0.05075971
-0.02239108
0.01707028
-0.03218019
0.05235861
-0.02051991
-0.03942123
0.03663534
-0.05016508
0.02937371
0.03599741
-0.002165721
0.06252116
-0.06824418
0.001226887
0.01325933
-0.06365363
0.0433032
0.01557402
-0.007457932
-0.008628195
0.06171525
-0.05407813
-0.006648018
0.05027734
-0.05960585
0.02006982
0.01729707
-0.03494386
-0.008397632
0.01962022
0.01434929
-0.02821113
0.1028609
-0.03496541
0.002819832
0.02659911
-0.06667497
0.01227777
-0.02231323
-0.06797656
0.09825714
-0.05739579
0.0475408
0.08130429
-0.09660373
0.01270471
0.06297434
-0.1365586
0.07310631
-0.007049718
-0.02686623
0.05950456
-0.03915377
0.02913819
-0.05723893
0.03269029
0.0309163
-0.02275563
0.05267365
-0.03912511
0.02912688
-0.03005924
-0.05184432
0.0727969
-0.1070765
0.06253885
0.02342851
-0.03878355
0.08441593
-0.05876694
0.03569481
0.008764612
-0.08630032
0.09390553
-0.02666235
-0.08099709
0.0871926
-0.02935027
-0.06673147
0.1349745
-0.02774152
-0.0404478
0.1041491
-0.06907627
0.01933782
-0.01764341
-0.07515509
0.06899957
-0.02985772
0.000588029
0.07655869
-0.04098425
-0.005925629
0.02855399
0.005061221
-0.05748694
0.004438551
0.02767237
-0.04105022
0.03899223
0.03041772
-0.03116992
0.01113441
-0.02382921
-0.01962831
0.01668867
-0.003252655
0.004355805
0.05878795
-0.04714005
-0.02678265
0.05834435
-0.09405548
0.02211359
0.05924572
-0.05078518
0.03337578
0.0305742
-0.09316889
0.05028592
-0.02421582
-0.05718205
0.1186099
-0.05636907
-0.0324595
0.1497519
-0.1340977
0.04866858
0.04627739
-0.06930056
0.01853658
-0.005983207
-0.02557672
0.04160782
-0.03156856
0.06009507
-0.01329248
0.003725278
-0.005893615
-0.0047265
-0.01564527
-0.005705959
0.03018004
0.02286552
-0.05396792
0.02814813
-0.03967122
-0.02459684
0.03587804
0.02519345
-0.02268815
0.08151378
-0.0471642
-0.003362512
-0.001715127
-0.07214002
0.03491671
0.01080686
-0.04860108
0.08323545
-0.039475
0.05337725
-0.001766654
-0.01064949
-0.004421628
-0.06229404
0.03162789
-0.02610742
-0.01086058
0.04968292
-0.06265261
0.1112712
-0.07351125
0.00294546
0.07856989
-0.1093078
0.01753671
0.04854067
-0.08549283
0.05061884
0.04704737
-0.04027316
-0.003010659
0.04017967
-0.05622033
0.0262955
0.004581425
0.007126874
0.001693324
0.001713789
0.009697408
-0.003577385
-0.02388838
0.04504842
-0.03604446
0.03726548
-0.02716971
0.05376355
-0.04208616
0.0004734783
0.01479208
-0.05195641
0.04090431
-0.02076395
0.03681502
0.05128686
-0.05832584
0.08422495
-0.06582426
-0.0009891995
0.002588069
-0.02082492
0.03414768
-0.03708389
0.0381089
0.06372371
-0.09585042
0.08991867
-0.002644016
-0.08709535
0.0726917
-0.02605575
-0.03275476
0.09027139
-0.03829154
0.04230309
-0.01561169
-0.003223741
-0.02575359
-0.01841283
0.04264015
-0.03414128
0.06140666
0.02860501
-0.129176
0.1335645
-0.1057101
-0.01517575
0.1047322
-0.07455475
0.05721938
0.03355446
-0.04912671
0.01807869
-0.02819347
0.008876034
-0.01496125
0.01225845
-0.01317212
0.03084898
-0.01709441
-0.01593381
0.07011806
-0.05252193
-0.002047819
0.03705856
-0.04529387
-0.02120307
0.0430213
-0.02001289
-0.02381273
0.04750749
-0.02554233
-0.01058939
0.03451409
-0.01988567
0.01296091
0.02116787
-0.04050025
0.02778402
-0.04212875
-0.005912344
0.0001697179
-0.01620541
0.06014945
-0.03567342
0.00441554
0.07024585
-0.06929205
0.04354975
0.003313335
-0.03034401
-0.04037542
0.0473679
0.001962299
-0.05200936
0.1026344
-0.03496376
-0.0334494
0.07377911
-0.07387993
0.02763071
0.008307079
-0.01349668
0.02308116
-0.0398702
0.01255029
-0.003722775
0.009997582
0.005140233
0.02383592
-0.03115796
0.005108697
0.04341594
-0.06401341
0.02825209
0.02848041
-0.06267285
0.05035604
0.003078659
-0.02819952
0.02345983
-0.02077461
0.0143589
0.002157806
-0.005880922
-0.01974553
0.02261376
-0.04717438
0.001673317
0.07600266
-0.0569424
0.0490954
0.04619174
-0.08264199
0.02632422
-0.01294781
-0.01556438
0.007750452
0.01665936
-0.02520506
0.002579877
0.006942845
0.01997322
0.02091485
-0.02916346
0.06441256
-0.07142746
0.009805131
-0.003666155
-0.06643087
0.07184849
-0.03411678
0.03629469
0.03624571
-0.1015521
0.1059586
-0.06927116
-0.00988014
0.04380215
-0.01700865
-0.042551
0.03512029
-0.01377067
-0.05701833
0.05669463
0.03625475
-0.07017595
0.1198211
-0.1259708
0.02698756
0.00708713
-0.06101889
0.05428504
-0.001730804
-0.03593218
0.06681929
-0.04588578
0.03630422
-0.03200915
0.01770678
-0.04279872
0.0484372
-0.06856748
0.02425742
0.001403787
-0.04012102
0.0686847
-0.01660097
-0.02366363
0.04918324
-0.07516927
0.04858771
-0.02670714
0.03008834
0.01457748
-0.03202728
0.01467487
-0.000267676
-0.02548812
0.05553054
-0.05549348
0.04190226
-0.01891812
-0.009287794
0.0576339
-0.05484206
-0.01642936
0.05971284
-0.111853
0.03302656
0.01773763
-0.02039321
0.03322983
0.05554835
-0.03104029
-0.0353612
0.02324619
0.01839648
-0.1124587
0.1267
-0.01876363
-0.07061607
0.09587091
-0.01836015
-0.06498435
0.07086657
-0.04397516
0.01856543
-0.03127922
0.02721923
0.01329146
-0.07096205
0.07923185
-0.005814524
-0.04711054
0.06745785
-0.08158237
0.02319746
-0.001971865
-0.004787018
0.04574833
-0.03175753
0.009396064
0.03269071
-0.08053767
0.05606394
-0.01229198
-0.03859781
0.05173196
-0.02334877
-0.05658838
0.03557668
-0.006364208
-0.05694336
0.05440232
0.01225308
-0.03934658
0.03494913
0.006671787
-0.03459334
0.006451267
-0.03015457
-0.00127683
-0.04025169
-0.007603589
0.03555332
-0.03237564
-0.00925017
0.06490915
-0.05547083
0.01001003
0.008980813
-0.02502328
-0.006747418
0.01753293
-0.02290955
0.003657911
-0.03671177
0.01300275
-0.01155981
0.03692054
-0.01933768
0.01447393
-0.002099691
-0.04231702
0.02793928
0.003884999
-0.04347862
0.04600069
-0.01116036
-0.005588459
0.03151905
-0.004528814
-0.007655258
0.01048319
-0.004255293
-0.03089895
0.03908864
-0.0319426
-0.009458864
0.02180211
-0.01626342
0.01138011
0.02352185
-0.005682831
-0.03139877
0.02984664
0.01422747
-0.0684646
0.08234239
-0.05555337
-0.02667917
0.08881754
-0.07632713
0.0592044
0.007752054
-0.0500573
0.0548033
-0.06864313
1.853281E-05
0.04404574
-0.04543844
0.06668966
0.02259682
-0.05353366
0.06999061
-0.007802293
-0.04694646
0.07997009
-0.05737823
-0.008662241
0.04907623
-0.01860332
-0.01634115
0.04306356
-0.03955071
0.002582853
0.007279484
0.008553856
-0.02011505
0.03489725
-0.01600448
0.01555741
-0.005390022
-0.02612826
-0.005039804
0.01763896
-0.006498233
0.006580344
0.03287285
0.001610721
-0.05220831
0.06115897
-0.02911165
-0.08468296
0.124287
-0.07635899
-0.005534559
0.08823919
-0.08958991
0.03028725
0.02631208
-0.06808817
0.03456715
-0.02272698
-0.01877696
0.01712344
0.01420171
-0.03666038
0.01314148
-0.01652657
0.00663518
0.001615939
0.01648426
-0.02446273
-0.002733648
0.01868529
-0.0503476
0.01875877
0.03345446
-0.08649016
0.08638935
-0.04391604
-0.02324882
0.04938993
-0.03563762
0.02562846
-0.01390196
0.02206801
-0.01217662
-0.05069596
0.05332624
-0.06011349
0.03375777
0.04094129
-0.01582407
0.04036781
-0.01552977
-0.02005099
-0.008944954
-0.01935613
-0.01458479
0.0239049
0.01725062
-0.007360386
0.06936989
-0.04811822
3.275008E-05
0.005608085
-0.05306724
0.07496563
-0.04323863
0.029157
0.02712475
-0.06840675
0.03281202
-0.0001338089
-0.01078574
0.0318045
0.006892635
0.01817257
-0.02969249
0.008634704
-0.003683718
-0.03878031
0.01228213
0.03117729
-0.04085496
0.048684
0.03551
-0.04056653
0.04818751
-0.01775935
-0.03867818
0.03556901
-0.02092668
0.007250807
0.002559941
-0.01673933
0.04310323
-0.01097658
0.036353
-0.002401035
0.001805906
-0.02726417
0.006998964
0.03191466
-0.04570245
0.01480808
0.0184308
-0.0622851
0.01388353
0.05570685
-0.06172614
0.02735883
0.03202225
-0.05378052
0.03335674
-0.001655704
-0.02755333
0.01634384
-0.0281368
0.04823166
-0.007510242
0.009469996
0.008306971
-0.03828656
-0.01474722
-0.01762232
-0.007373042
0.02884413
-0.03415941
0.05253162
-0.02399781
-0.00639188
0.0143853
-0.01033222
-0.003615833
-0.006232113
0.02303006
-0.01726753
-0.004243662
0.005911333
-0.02716636
0.02828857
-0.03389038
0.03000242
0.03017191
-0.05219507
0.0699876
-0.0325602
-0.0518143
0.03293028
-0.02807881
-0.02008806
0.02068357
-0.006340338
0.01349189
0.01379353
0.00808921
-0.007021679
0.01901836
-0.03669409
0.03079933
-0.001848863
-0.02673048
0.03817172
-0.03114209
-0.008865704
0.0424127
-0.0637924
0.05228161
-0.01287406
-0.01066125
0.002565309
-0.009808462
0.002258481
-0.0244632
0.02693646
0.01820194
-0.03139993
0.02974529
-0.003511743
-0.03576073
0.01479071
0.01351391
-0.04717655
0.01841797
-0.01182055
-0.02897404
0.07045397
0.008717923
-0.02502002
0.03056354
