-0.001377926
-0.0002293332
-0.000792289
-8.474611E-05
-0.0002313736
-0.0005351593
-0.0006170688
2.266118E-05
-4.816285E-06
-0.0001288135
0.0001104623
-0.0005540311
-0.0008502272
4.923481E-05
-0.0002539389
-1.35241E-05
0.001443576
-4.724777E-05
0.0003786717
0.0009479877
0.0004488475
0.000436001
0.001322421
0.0005748688
3.235032E-05
0.0006900479
0.0007916068
0.000267402
0.0009708673
0.001870561
0.000824293
0.001441619
0.001752919
0.0006909134
0.0008417105
0.001344846
0.001330748
0.001121959
0.001524236
0.001709647
0.001159784
0.001807923
0.002025692
0.00147888
0.001964802
0.002051625
0.001480445
0.001885707
0.001513415
0.001491671
0.001588831
0.002053773
0.001623515
0.002141424
0.002373088
0.001875045
0.002327316
0.002333994
0.0022172
0.002296135
0.002457822
0.002389429
0.002118441
0.002595049
0.002229028
0.002262517
0.002149265
0.002437751
0.001968565
0.002669197
0.003231366
0.002408276
0.00320241
0.002117985
0.001972521
0.002648259
0.002477846
0.00288516
0.003283001
0.00245179
0.003477647
0.003015028
0.002541481
0.003641603
0.00273469
0.00345284
0.003518093
0.002867708
0.00316107
0.002924029
0.003417409
0.00345163
0.003504809
0.003542243
0.003717072
0.003659198
0.00409699
0.003567264
0.003463296
0.003720668
0.003667525
0.004122069
0.004191523
0.003943406
0.003294541
0.004309485
0.003828065
0.004421116
0.004245568
0.0038518
0.003538488
0.004276501
0.004161167
0.004586504
0.004475548
0.004501212
0.004824601
0.004480006
0.005182547
0.004666118
0.004610373
0.004953074
0.004746714
0.004986656
0.005251319
0.004830106
0.005242935
0.005482179
0.004829994
0.005681419
0.005384876
0.004774156
0.005721561
0.005629827
0.00486684
0.005454476
0.00589972
0.004798379
0.005916814
0.006211058
0.005106619
0.005458072
0.005960445
0.005058495
0.005008555
0.006132388
0.005103454
0.004979128
0.005399267
0.005419733
0.004745591
0.006060004
0.005609072
0.004963782
0.005068369
0.005610938
0.004641437
0.005179683
0.005246603
0.004188418
0.005102954
0.004945154
0.004466917
0.005073337
0.00453222
0.004285295
0.004741309
0.00391934
0.004338751
0.004149037
0.004066851
0.003684304
0.003681585
0.00361822
0.003393553
0.003900925
0.00390554
0.003191481
0.003992578
0.003287082
0.003221312
0.003473374
0.003130021
0.002820747
0.003393577
0.002420707
0.002598706
0.002415775
0.001887506
0.002534283
0.002564559
0.002609431
0.002656331
0.002387027
0.002394477
0.002125402
0.00220124
0.002459757
0.00215764
0.001770195
0.002846079
0.001761131
0.002288876
0.002487992
0.001993375
0.00197884
0.00232768
0.002319723
0.001805863
0.002025303
0.002270348
0.001713274
0.001865602
0.002561999
0.002300879
0.002843479
0.003497859
0.003120485
0.00265846
0.002915974
0.00284907
0.002681187
0.00378237
0.003148942
0.00394355
0.003495216
0.003037301
0.003902218
0.003264731
0.003949846
0.004379902
0.004353407
0.004403622
0.004737561
0.004783061
0.005031701
0.004960016
0.005647464
0.005550926
0.005320153
0.006108656
0.005269624
0.005399352
0.006019012
0.005474768
0.005917239
0.006955176
0.005809243
0.006818657
0.007132915
0.005943642
0.007214031
0.007396794
0.006923331
0.007594314
0.008039775
0.007745538
0.007842015
0.008704476
0.008541292
0.007652383
0.009323076
0.00804802
0.007579782
0.0091601
0.008547428
0.008150897
0.00987512
0.008679376
0.008564381
0.009664536
0.009174683
0.008822544
0.009874285
0.00938497
0.009278128
0.009849164
0.009922023
0.009553998
0.01000221
0.009874586
0.009647391
0.009304908
0.009968591
0.009339811
0.009912636
0.009733556
0.009720631
0.00970269
0.009636608
0.01000956
0.009936283
0.00962619
0.01003345
0.009465576
0.009765408
0.01016979
0.009717649
0.009979794
0.009785628
0.008483418
0.009865945
0.009107635
0.009259297
0.01032042
0.008899637
0.009113505
0.009113863
0.008488501
0.009473843
0.009187824
0.009463418
0.009920293
0.008907647
0.009352907
0.009602371
0.009035626
0.009100664
0.00956406
0.008811747
0.009049209
0.008999277
0.009846094
0.008567601
0.009124681
0.00941567
0.007819726
0.009061788
0.009386186
0.008721649
0.009034269
0.008815621
0.00858497
0.008657611
0.009614648
0.009549305
0.009270561
0.009535969
0.009136907
0.008702654
0.009664404
0.00905547
0.009444208
0.009266673
0.009473485
0.009024174
0.009239246
0.009404356
0.008773779
0.009402008
0.009565931
0.009261453
0.01005695
0.009773712
0.009934177
0.01008006
0.009950899
0.01026703
0.009909449
0.009881573
0.01043192
0.009882577
0.01064838
0.0107249
0.01019658
0.01076271
0.01040111
0.01057022
0.01079655
0.01055743
0.0103368
0.01066935
0.01071985
0.01073736
0.01143643
0.01097057
0.01078913
0.01134718
0.01123058
0.0110976
0.01194325
0.011627
0.01128049
0.01201323
0.01107677
0.01125576
0.01199054
0.0115784
0.0118528
0.01212984
0.01129161
0.01184834
0.01208262
0.01173339
0.01209966
0.01208716
0.0121843
0.01202375
0.01251032
0.01245737
0.01173733
0.01298602
0.01255208
0.01209555
0.01299777
0.01230528
0.01184455
0.01296341
0.01249644
0.01254456
0.01303674
0.0125358
0.01245765
0.01264678
0.01267657
0.01273499
0.0130394
0.01299077
0.01308036
0.0129507
0.01282623
0.01290174
0.01262932
0.01304938
0.01343329
0.01296189
0.01317556
0.01343732
0.01293056
0.01324778
0.01363891
0.0129223
0.01272191
0.01330371
0.01313038
0.01273083
0.01408227
0.0134196
0.01277915
0.01389742
0.01306027
0.01332054
0.01358504
0.01349991
0.01318204
0.01327843
0.01393485
0.01362567
0.01378612
0.01393798
0.01360068
0.01352202
0.01382755
0.0133792
0.01383947
0.01370348
0.01394637
0.01411011
0.01401477
0.01386465
0.01405786
0.01408069
0.01380129
0.01411243
0.01445224
0.01383167
0.01458175
0.01440475
0.01401242
0.01427073
0.01426737
0.01393845
0.01444513
0.01430447
0.01408508
0.01420355
0.01358497
0.01431969
0.0140393
0.01434098
0.01451278
0.01396514
0.01447217
0.01429547
0.01459556
0.01492116
0.01513766
0.0149023
0.01513569
0.01441682
0.01415217
0.01455527
0.01462727
0.01451917
0.01514417
0.01458245
0.01432586
0.01505071
0.01422332
0.01465401
0.01496806
0.01465967
0.01530718
0.01500734
0.01490922
0.01480852
0.01457619
0.01498038
0.01483178
0.01494182
0.01497961
0.01470213
0.01450628
0.01525182
0.01450249
0.01497276
0.01485369
0.01449873
0.01490728
0.01466863
0.01474568
0.01435719
0.01466929
0.01459386
0.01479237
0.01480389
0.0145894
0.01455921
0.01508136
0.01458074
0.01472564
0.0147087
0.01386048
0.0140525
0.01472172
0.01387657
0.01427797
0.01446058
0.01378246
0.01410198
0.01423333
0.01427671
0.01384463
0.01400618
0.01442947
0.01362309
0.01452936
0.01424867
0.01332474
0.01409718
0.01448482
0.01376254
0.01472466
0.01390061
0.01271322
0.01361218
0.01332181
0.01326415
0.01374514
0.01362492
0.01268769
0.01356148
0.01356892
0.01361415
0.01401659
0.01368884
0.01293985
0.01311167
0.01355748
0.01314364
0.01372414
0.01372993
0.0131322
0.01342122
0.01322729
0.01268479
0.01287584
0.01310402
0.01312369
0.01293645
0.01330567
0.01279875
0.01253142
0.01341264
0.01283471
0.01293946
0.01356259
0.0130995
0.01299921
0.01359548
0.01292437
0.01313194
0.01306936
0.01332266
0.01291435
0.01320877
0.01290605
0.01276134
0.01273683
0.01310432
0.01304588
0.01313141
0.01348518
0.01320876
0.01322323
0.01354743
0.01290598
0.01351108
0.01339758
0.01320942
0.01370694
0.01307804
0.01282059
0.01329399
0.01266769
0.01352938
0.0134403
0.01357452
0.01307019
0.01335399
0.01331671
0.01345103
0.01384662
0.01376664
0.01378173
0.0136549
0.01434693
0.01384195
0.01423711
0.01421498
0.01382426
0.0136901
0.01434921
0.01344893
0.01411908
0.01419823
0.01345811
0.01395302
0.01399884
0.01344444
0.01423557
0.01425118
0.01416923
0.01432169
0.01451644
0.01396908
0.01439476
0.01440382
0.01449673
0.01422926
0.01494433
0.01385389
0.0139163
0.0140155
0.01354974
0.01404899
0.014127
0.0140579
0.01435511
0.01426844
0.01421897
0.01410763
0.01369809
0.01399468
0.01437717
0.01370244
0.01409687
0.01391046
0.01385436
0.01412332
0.01416961
0.01382185
0.01367041
0.01370822
0.01422053
0.01344439
0.01360431
0.01355705
0.0133121
0.01327164
0.01405666
0.01325873
0.01275122
0.01348787
0.01307662
0.01327196
0.0139796
0.01339358
0.0128069
0.01310019
0.01324116
0.01271832
0.01341378
0.01335665
0.01230197
0.01251624
0.01280688
0.01178214
0.01233206
0.01273794
0.01196774
0.01194887
0.01262029
0.01213719
0.0120847
0.01279152
0.01209609
0.01169881
0.01212997
0.01219123
0.01148361
0.01217834
0.01185045
0.01110191
0.01181284
0.01152922
0.01137033
0.01137024
0.01128577
0.0110396
0.01057327
0.01139074
0.01117225
0.01089054
0.01158497
0.01117788
0.01070726
0.01151692
0.01079611
0.01067419
0.01149475
0.01065718
0.01117029
0.01078574
0.0103441
0.01051813
0.01033246
0.01052408
0.010789
0.01046564
0.01049903
0.01038323
0.01040686
0.01055123
0.01063153
0.01064752
0.0102944
0.01016553
0.01019459
0.009796397
0.01029209
0.010457
0.01052774
0.01024142
0.01041615
0.009878223
0.01069491
0.01018474
0.01037324
0.009888211
0.009367076
0.009691481
0.009671704
0.009883121
0.009975409
0.01012387
0.01006265
0.00976017
0.01034385
0.01009102
0.0100569
0.01010018
0.01005856
0.009051776
0.009963894
0.009400771
0.00933296
0.009809963
0.009405414
0.009519585
0.009666338
0.009791928
0.009417016
0.00975683
0.009954819
0.009733315
0.009665943
0.009774638
0.008987331
0.009202493
0.0100971
0.00924802
0.009555376
0.009663535
0.009102212
0.009269089
0.009329266
0.009238789
0.009331497
0.009254545
0.009916889
0.009023454
0.008661816
0.009483305
0.008935618
0.009279724
0.009957761
0.008957638
0.009051852
0.009288464
0.009325881
0.009123736
0.009179005
0.009211029
0.008500555
0.009267422
0.009322912
0.00856286
0.009191417
0.008915749
0.008311567
0.009091318
0.00876811
0.008074896
0.008652739
0.008592553
0.007730728
0.008841662
0.008289965
0.007784299
0.008807292
0.008248666
0.008187806
0.008331446
0.008061783
0.008061758
0.007420689
0.008213938
0.007419786
0.007058957
0.007675887
0.007352235
0.007035456
0.008021649
0.007807653
0.00710131
0.007516509
0.007126389
0.006751106
0.007141978
0.007137241
0.006568281
0.006740988
0.006486068
0.006324917
0.006675571
0.006567689
0.006621593
0.006653263
0.006508789
0.006305269
0.006410669
0.006356204
0.006285523
0.00596538
0.00609601
0.005822506
0.005615916
0.005911696
0.005470741
0.005273522
0.005583567
0.005254704
0.005707646
0.005449364
0.00533105
0.005648578
0.004858032
0.004579755
0.005110497
0.004197364
0.004698867
0.005171969
0.004423102
0.004746786
0.004836733
0.004390893
0.004878097
0.004457718
0.004734579
0.004265631
0.004192759
0.003872839
0.003890874
0.00404231
0.003762748
0.004264678
0.00387998
0.003808739
0.003943945
0.002891597
0.003523586
0.003378724
0.003429426
0.004171065
0.003658182
0.00288553
0.003600157
0.003163126
0.003136985
0.003410632
0.002930096
0.002488864
0.002521133
0.003125227
0.002868719
0.002758247
0.00330069
0.002224667
0.0023055
0.003202419
0.002502977
0.002342137
0.002815285
0.001886324
0.002060157
0.002473162
0.002200048
0.001958759
0.001886769
0.002218961
0.00166584
0.001860141
0.002122512
0.001486537
0.001692979
0.001901719
0.001503382
0.001904177
0.001690803
0.001082764
0.001670681
0.0009811003
0.001280433
0.001796559
0.001167576
0.001713269
0.001359906
0.001467797
0.0008972532
0.0005267984
0.0009511572
0.0009185345
0.0008047156
0.001508752
0.0006693342
0.0007405282
0.0008883123
0.001017749
0.0008885476
0.00102815
0.000700451
0.000806474
8.501255E-05
0.0004279851
0.0004256781
0.0001061666
0.0005266769
2.199802E-05
5.68173E-05
-8.019098E-06
-2.3292E-05
0.0002117088
-1.509606E-05
-0.0001712874
-0.000214806
-0.0003388586
-0.0005980334
-0.0005242087
-0.0007001045
-0.0005911424
-0.0006017294
-0.0008406566
-0.0006022414
-0.001493094
-0.001261586
-0.001063709
-0.001297535
-0.0009187451
-0.001113286
-0.0009886186
-0.001610264
-0.001460286
-0.001557208
-0.001816732
-0.001623898
-0.001213898
-0.00180667
-0.001794978
-0.00197996
-0.00234798
-0.00223916
-0.002263776
-0.002177082
-0.00191542
-0.00228055
-0.001985282
-0.00244405
-0.002568531
-0.002609153
-0.002561014
-0.002615161
-0.002491649
-0.002795053
-0.002887616
-0.002972259
-0.003447495
-0.002984234
-0.002591665
-0.003257949
-0.002506954
-0.003077311
-0.003629653
-0.003237297
-0.003464134
-0.003596677
-0.003422482
-0.003537522
-0.003499709
-0.00357285
-0.003857446
-0.003461808
-0.004198682
-0.003668054
-0.00348032
-0.004266249
-0.0002122108
-0.0001926704
-0.0001877851
-0.0001874919
-0.0001857434
-0.0001928239
-0.0001979251
-0.000190818
-0.0001892813
-0.0001953012
-0.0001942188
-0.0002095945
-0.0002036188
-0.0002015248
-0.0001979782
-0.0002019057
-0.000174617
-0.0002021624
-0.0002015116
-0.0001821716
-0.0001820113
-0.0002018439
-0.0001702333
-0.0002118348
-0.0002219506
-0.0002006156
-0.000214717
-0.0002162243
-0.0002115611
-0.0001958292
-0.0002086273
-0.0001976927
-0.0001983802
-0.0002179146
-0.0002222578
-0.0002037379
-0.0002000644
-0.0002166585
-0.0002079647
-0.0002159108
-0.0002391988
-0.0002216129
-0.0002015786
-0.0002346807
-0.0002075308
-0.0002062441
-0.000244825
-0.0002188779
-0.0002391411
-0.0002505791
-0.0002374595
-0.0002341346
-0.0002474303
-0.0002324192
-0.0002406249
-0.0002527778
-0.0002398944
-0.0002542328
-0.0002375665
-0.0002541472
-0.0002313779
-0.0002369079
-0.0002674279
-0.0002317803
-0.0002589062
-0.0002680049
-0.0002500195
-0.0002685285
-0.000293695
-0.0002555669
-0.0002482493
-0.0002647252
-0.0002447631
-0.0002790041
-0.0002887874
-0.0002885588
-0.0002754918
-0.0002705757
-0.0002681242
-0.000287572
-0.0002697806
-0.0003054074
-0.0003097227
-0.0002856652
-0.000310694
-0.0002848114
-0.0002956883
-0.000308859
-0.0003098735
-0.0003262456
-0.0003110278
-0.0003104276
-0.0003217607
-0.0003186833
-0.0002970209
-0.0003169456
-0.0002923862
-0.0003160317
-0.0003452749
-0.000326458
-0.0003512353
-0.0003168216
-0.000314843
-0.0003171664
-0.0003282318
-0.0002999444
-0.0003302059
-0.0003061951
-0.0003390523
-0.0003392966
-0.0003362194
-0.0003278683
-0.0002974365
-0.0002932079
-0.0003273606
-0.000299232
-0.0003102562
-0.0003145355
-0.0002650453
-0.0003068385
-0.0003101432
-0.0002902762
-0.0003139013
-0.0002851243
-0.0002813976
-0.0002939958
-0.0003111034
-0.0002836726
-0.0002968684
-0.0002996459
-0.0002898683
-0.0003268937
-0.000345236
-0.0002989252
-0.0003251449
-0.0003191464
-0.0002690316
-0.000349111
-0.0002961044
-0.0003006784
-0.0003391055
-0.0003137213
-0.0003382595
-0.0003267886
-0.0003558614
-0.0003155971
-0.0002965048
-0.0003277063
-0.0003114395
-0.0002854116
-0.0003425156
-0.0002892823
-0.0002633904
-0.0003131036
-0.0002980097
-0.0002682334
-0.0003093157
-0.0002894238
-0.0002913486
-0.0003068942
-0.0002724365
-0.0002877101
-0.0003115368
-0.0002745644
-0.0003266595
-0.0003034708
-0.0002509065
-0.0003120435
-0.0002870162
-0.0002552535
-0.000307257
-0.0003019212
-0.0002731689
-0.0003246194
-0.0002910518
-0.00028579
-0.0002943798
-0.0002965508
-0.0002637594
-0.0003034286
-0.0002829834
-0.0002959592
-0.0003175845
-0.0003006636
-0.0003035867
-0.000307511
-0.0002958963
-0.0003231988
-0.0003152039
-0.0003359169
-0.0003240329
-0.0003056131
-0.000304309
-0.0003135918
-0.0002943106
-0.000318082
-0.0003089204
-0.0002961241
-0.0003023538
-0.0003171091
-0.0003047187
-0.0003155227
-0.0003169632
-0.0003141493
-0.0003099962
-0.0003184443
-0.0003172491
-0.0002848618
-0.0003270219
-0.0003032191
-0.0002721635
-0.0003310232
-0.0003265945
-0.000296207
-0.0003261445
-0.0003006906
-0.0002523099
-0.0002673057
-0.0003211428
-0.0002700167
-0.0003259086
-0.0003232468
-0.0002752768
-0.0003032843
-0.0002712345
-0.0002828063
-0.0003761763
-0.0002784336
-0.0003402159
-0.0003350414
-0.0002580875
-0.0003153719
-0.0003211632
-0.0002619038
-0.0003024615
-0.0002866551
-0.0002988631
-0.0002764973
-0.0002794616
-0.0002947614
-0.0002619148
-0.0002949931
-0.0003439221
-0.0002759209
-0.0003401
-0.0002987731
-0.0002579861
-0.0003285354
-0.0003103652
-0.0002797725
-0.000372098
-0.0002587367
-0.0002401808
-0.0002723241
-0.0002565545
-0.0002116255
-0.0002493432
-0.0002461553
-0.0001684
-0.0001833931
-0.0003160966
-0.0001624111
-0.0002669235
-0.0003134197
-0.0001677989
-0.0002082834
-0.000305275
-7.078637E-05
-0.00022266
-0.0002089992
-8.834851E-05
-0.000210839
-0.0002828105
-8.239187E-05
-0.0001714325
-0.0001469378
-6.844379E-05
-7.123404E-05
-0.0001745644
-7.262956E-05
-4.531033E-05
-0.0001601761
-0.0001612791
-6.977558E-05
-0.0001880502
-0.0001033995
-0.0001058887
-0.0001033455
-0.0001372442
-9.400473E-05
-3.317731E-05
-8.496377E-05
-7.244162E-05
1.407985E-05
-0.0001091252
-1.174335E-05
3.808415E-05
-8.88845E-05
2.646251E-05
-5.106681E-05
-0.0002079284
1.826369E-05
-0.0001428913
-8.146963E-05
9.806745E-05
-0.0001328852
-2.873575E-05
-7.498127E-05
-0.000140172
3.430965E-05
-2.237895E-05
2.141751E-05
0.0001252474
-6.94468E-05
9.762938E-06
7.464056E-05
-2.332882E-05
-1.663965E-05
0.0001534153
-3.698889E-06
-3.79166E-06
6.02049E-05
0.0001232095
-6.624295E-05
0.0001075944
7.054026E-05
-0.0001263095
9.136005E-05
0.0001480144
3.436481E-05
9.63287E-05
4.483151E-05
-3.236588E-05
3.41074E-06
0.0001899709
0.0001086572
-0.0002172688
-0.000196345
-0.0001904945
-0.0001892822
-0.0001866336
-0.0001928239
-0.0001969793
-0.0001889951
-0.0001865784
-0.0001915751
-0.000189599
-0.0002036145
-0.0001967751
-0.0001938647
-0.0001894635
-0.000192294
-0.000165479
-0.0001905953
-0.000189047
-0.0001699957
-0.000168935
-0.0001873791
-0.0001578908
-0.0001966105
-0.0002058869
-0.0001859841
-0.0001990993
-0.0002002749
-0.0001958954
-0.0001813197
-0.0001929681
-0.0001828659
-0.0001835244
-0.0002003795
-0.0002033588
-0.0001852472
-0.0001809161
-0.0001949398
-0.0001860279
-0.0001921806
-0.0002118007
-0.0001949966
-0.0001762393
-0.0002042124
-0.0001792847
-0.0001772039
-0.0002095409
-0.0001870391
-0.0002041908
-0.0002140917
-0.0002025056
-0.0001994675
-0.0002107987
-0.0001976214
-0.00020452
-0.0002148045
-0.0002033164
-0.0002156406
-0.0002010639
-0.0002149714
-0.000195637
-0.0001998676
-0.0002256103
-0.0001952156
-0.0002178937
-0.0002255003
-0.000209891
-0.0002254816
-0.0002460916
-0.0002139484
-0.0002075694
-0.0002208906
-0.0002043731
-0.0002325386
-0.0002405019
-0.0002403227
-0.0002288623
-0.0002246729
-0.0002225521
-0.0002382054
-0.0002235987
-0.0002526953
-0.0002557448
-0.0003056835
-0.0003329164
-0.0003052147
-0.0003170189
-0.0003313804
-0.000332475
-0.0003501635
-0.0003340851
-0.0003336196
-0.0003459714
-0.0003430718
-0.0003198412
-0.0003415111
-0.0003152616
-0.0003410046
-0.000372584
-0.0003555469
-0.0003856945
-0.000351084
-0.0003523507
-0.000358443
-0.0003745137
-0.0003454507
-0.0003838016
-0.0003585131
-0.0004007878
-0.0004051413
-0.0004056505
-0.0003992461
-0.00036612
-0.0003650797
-0.0004106764
-0.0003795184
-0.0003979871
-0.0004063731
-0.0003460859
-0.0004063505
-0.0004145924
-0.0003918174
-0.0004287909
-0.0003929532
-0.0003914974
-0.000411955
-0.0004376283
-0.0003997034
-0.0004201327
-0.0004235419
-0.0004108109
-0.0004643714
-0.0004917867
-0.0004277706
-0.0004662603
-0.0004605121
-0.0003890099
-0.0005052884
-0.0004264335
-0.0004273929
-0.0004789481
-0.00043941
-0.0002162382
-0.000196345
-0.0001914153
-0.000191107
-0.0001893559
-0.0001965919
-0.0002018005
-0.0001945707
-0.0001930096
-0.0001991749
-0.0001980799
-0.0002137797
-0.0002077468
-0.000205586
-0.0002020129
-0.0002060242
-0.0001781947
-0.0002063359
-0.0002056837
-0.000185977
-0.0001858465
-0.0002060857
-0.0001738567
-0.0002163005
-0.0002266659
-0.0002049139
-0.000219304
-0.0002209151
-0.0002161703
-0.0002000981
-0.0002132407
-0.0002020609
-0.0002027564
-0.0002227878
-0.0002272257
-0.0002083584
-0.0002046225
-0.0002215951
-0.000212742
-0.0002208685
-0.0002447029
-0.00022677
-0.0002063231
-0.0002401924
-0.0002124884
-0.0002111859
-0.0002506448
-0.0002241388
-0.0002449213
-0.0002566102
-0.000243249
-0.000239883
-0.0002535049
-0.0002382024
-0.0002466283
-0.0002590935
-0.0002459961
-0.0002606654
-0.0002436655
-0.0002606979
-0.0002373571
-0.0002431197
-0.0002744414
-0.0002379243
-0.0002658033
-0.0002751558
-0.0002567874
-0.0002757877
-0.0003017421
-0.0002626088
-0.000255143
-0.0002721704
-0.0002516184
-0.0002869074
-0.0002970072
-0.0002967709
-0.000283453
-0.0002784175
-0.0002759132
-0.0002960295
-0.0002776871
-0.0003144499
-0.000319004
-0.0002942299
-0.0003201943
-0.0002935336
-0.0003048046
-0.00031848
-0.0003195285
-0.0003364609
-0.0003208715
-0.0003203259
-0.0003320907
-0.0003290826
-0.0003067497
-0.000327414
-0.0003021316
-0.0003266658
-0.0003569032
-0.0003403842
-0.0003692316
-0.0003359497
-0.0003369184
-0.0003425286
-0.0003577085
-0.0003298221
-0.0003663232
-0.0003422754
-0.000382471
-0.0003864049
-0.0003866515
-0.0003804371
-0.0003486344
-0.0003473583
-0.0003908027
-0.000360914
-0.0003782022
-0.0003862541
-0.0003287719
-0.0003855396
-0.0003932595
-0.0003715367
-0.0004062959
-0.0003722777
-0.0003708028
-0.0003896616
-0.0004136317
-0.0003776756
-0.0003966455
-0.0003999527
-0.0003877387
-0.0004380855
-0.0004637037
-0.0003983822
-0.0004290567
-0.0004182342
-0.0003490536
-0.0004480796
-0.0003776331
-0.000379054
-0.0004243163
-0.0003891705
