0
0
0
0
0
0
0
0
0
0
0
0
0
0
0
0
0
0
0
0
0
0
0
0.003669619
0.01334538
0.0162956
0.0206954
0.04126721
0.05862102
0.07011743
0.07357682
0.06849982
0.05539103
0.03571235
0.01172051
-0.01379193
-0.03782491
-0.05752485
-0.07045776
-0.07502091
-0.07086723
-0.05837668
-0.03874601
-0.01439308
0.0117765
0.03665195
0.05725933
0.07083341
0.07563277
0.07211259
0.06041607
0.04089686
0.01637314
-0.01012762
-0.03544813
-0.05655964
-0.07058468
-0.07572901
-0.07267248
-0.06147677
-0.04223364
-0.01786432
0.008584639
0.03395868
0.05522695
0.06959569
0.07527556
0.07256534
0.06158146
0.04272587
0.018719
-0.007470202
-0.03272216
-0.0540321
-0.06868517
-0.07489296
-0.07263936
-0.0620517
-0.04373228
-0.02020551
0.005655551
0.03078612
0.05221321
0.06732509
0.07432315
0.07272145
0.06265514
0.04502415
0.02207778
-0.003434677
-0.02850585
-0.05018659
-0.06591051
-0.07383474
-0.07312842
-0.06387329
-0.04709399
-0.0248157
0.0003281408
0.02538339
0.04741066
0.06383023
0.07272512
0.07306289
0.06481608
0.04896326
0.02737404
0.002589385
-0.02247876
-0.04488588
-0.06199951
-0.07180939
-0.07316199
-0.06589697
-0.0508681
-0.02984147
-0.005289039
0.01989957
0.04275506
0.06057816
0.0712582
0.07352322
0.06709151
0.05270594
0.03205062
0.007555412
-0.01789192
-0.04128307
-0.05984344
-0.07136233
-0.07445718
-0.06873905
-0.05486205
-0.03444903
-0.009901434
0.01588093
0.03984608
0.05915042
0.07144137
0.0752309
0.07025518
0.05704475
0.03696272
0.01247973
-0.01348331
-0.0378514
-0.05773573
-0.07068716
-0.07514807
-0.07095165
-0.05853409
-0.0390577
-0.01502364
0.01066388
0.03497115
0.05506127
0.06861231
0.07407046
0.07082381
0.05927136
0.04077348
0.01749568
-0.007839458
-0.0322688
-0.05293027
-0.06739393
-0.07395072
-0.07181187
-0.06120509
-0.04335315
-0.02033649
0.005146746
0.03009696
0.05156544
0.06690382
0.07424192
0.07303954
0.06332349
0.04586982
0.02289483
-0.002852423
-0.0283214
-0.05048248
-0.06649549
-0.07437516
-0.07388357
-0.06489255
-0.04776423
-0.02487075
0.000992259
0.02674722
0.04932182
0.0658248
0.07422318
0.07424983
0.0657348
0.04899427
0.0263812
0.0006725463
-0.02506853
-0.04777484
-0.06465703
-0.07369035
-0.07415903
-0.06595344
-0.04975028
-0.0276607
-0.002362186
0.02313322
0.04579975
0.06295981
0.0726004
0.07360727
0.06589359
0.05040561
0.02900337
0.004237601
-0.02095575
-0.04360228
-0.06103785
-0.07122359
-0.07298092
-0.06612726
-0.05149155
-0.03081462
-0.006541911
0.01846718
0.04127347
0.05920166
0.0701543
0.07285326
0.06698912
0.05325735
0.0332727
0.009381181
-0.0156133
-0.03877917
-0.05739902
-0.06928627
-0.07304151
-0.0682174
-0.05537374
-0.03601107
-0.01239675
0.01269798
0.03632384
0.05569863
0.06853429
0.07330733
0.06944006
0.05737203
0.0385109
0.0150697
-0.01019179
-0.03429308
-0.05438235
-0.06807251
-0.07372752
-0.07065826
-0.05920713
-0.04071204
-0.01734905
0.008122194
0.03268419
0.05342007
0.06785307
0.07425254
0.07186323
0.06094927
0.04277291
0.01949551
-0.006116002
-0.03101523
-0.05223582
-0.06721571
-0.07415772
-0.07234776
-0.0619816
-0.0442015
-0.0212022
0.004237072
0.02905906
0.05029844
0.06545661
0.07278794
0.0714789
0.06173167
0.04473471
0.02251745
-0.002290618
-0.02676986
-0.04804747
-0.06363233
-0.07170527
-0.07132699
-0.06254949
-0.04640876
-0.02480233
-0.0002690909
0.02430625
0.04603002
0.06233948
0.07130475
0.07185611
0.06391326
0.0483968
0.02712343
0.002595049
-0.02229563
-0.04460359
-0.0616802
-0.07148877
-0.07284601
-0.06556785
-0.05049356
-0.02938868
-0.004740701
0.02053662
0.04344743
0.06126818
0.07187349
0.07398853
0.06734526
0.05271519
0.03181911
0.007124045
-0.01844949
-0.04187238
-0.06036908
-0.07174629
-0.07465193
-0.06873952
-0.05470859
-0.03421984
-0.009696841
0.01595931
0.03971518
0.05876522
0.07086193
0.0745827
0.06949699
0.05621507
0.03631425
0.01215117
-0.01341751
-0.03737414
-0.05689658
-0.06968706
-0.07424463
-0.07004187
-0.05758303
-0.03834347
-0.01459607
0.01085916
0.0350265
0.0550634
0.06861329
0.07408494
0.07083824
0.05925726
0.040704
0.01736097
-0.008028125
-0.03248076
-0.05312346
-0.06752889
-0.0740012
-0.07177658
-0.06111265
-0.04325837
-0.02030831
0.005042532
0.02981447
0.0510925
0.0663697
0.07384109
0.07261746
0.06283325
0.04563003
0.02302615
-0.002319971
-0.02742436
-0.04932379
-0.06539631
-0.07372367
-0.07341892
-0.06447484
-0.04782324
-0.02547072
-6.048669E-05
0.0254077
0.04791764
0.06469735
0.07371383
0.07424024
0.0661079
0.04991433
0.02773694
0.002234224
-0.02356932
-0.04660072
-0.06398603
-0.07359996
-0.07473461
-0.06713453
-0.05125905
-0.02921844
-0.003702434
0.02222096
0.04542273
0.06309277
0.07312679
0.074417
0.06684694
0.05131776
0.02973501
0.00468898
-0.02084202
-0.04383715
-0.06158808
-0.07201792
-0.07391942
-0.06709197
-0.05236369
-0.03148925
-0.006940003
0.01838782
0.04151111
0.05971059
0.07084946
0.07362401
0.06771685
0.05383065
0.03360549
0.009428373
-0.01584869
-0.03924622
-0.05800759
-0.06991943
-0.07357568
-0.06854562
-0.0554218
-0.03575196
-0.01185788
0.01343964
0.03715313
0.05648087
0.06913815
0.07362786
0.06941756
0.05700332
0.03785145
0.01422648
-0.01107878
-0.03507368
-0.05492118
-0.0682741
-0.07355448
-0.07014007
-0.05843653
-0.03983005
-0.01652249
0.008728325
0.03293653
0.05324159
0.06724603
0.07329776
0.07068571
0.05972512
0.04171764
0.01879589
-0.006328803
-0.03068797
-0.05140634
-0.0660388
-0.07286156
-0.07107638
-0.06090065
-0.04354035
-0.02104933
0.003914009
0.0284036
0.04953109
0.06480575
0.07242916
0.07150441
0.06214255
0.04545017
0.02339713
-0.001417627
-0.02607257
-0.04766412
-0.06364824
-0.07214326
-0.072148
-0.06366012
-0.04767704
-0.02607766
-0.001400951
0.02345317
0.04556157
0.06232264
0.07176247
0.07276729
0.06521488
0.04998783
0.02887155
0.004346259
-0.02070558
-0.04333736
-0.06088232
-0.07126793
-0.07326216
-0.06661847
-0.05210526
-0.03141896
-0.006988166
0.01831398
0.0415055
0.05984339
0.07114859
0.0740651
0.06822347
0.05428747
0.03387859
0.009391103
-0.01628677
-0.04011429
-0.05925521
-0.07140984
-0.07510104
-0.06987178
-0.05630329
-0.03596273
-0.01126555
0.01484265
0.03922965
0.05894421
0.07149377
0.07532971
0.0703468
0.05708879
0.03683823
0.01219418
-0.01385609
-0.03820772
-0.05796889
-0.07075539
-0.07505199
-0.07054637
-0.05775452
-0.03804516
-0.01385302
0.01192913
0.03624712
0.05622581
0.06950945
0.07453902
0.07073247
0.05855357
0.03945546
0.01570493
-0.00988513
-0.03428896
-0.05462344
-0.06848745
-0.0742484
-0.07123182
-0.05979901
-0.04130526
-0.01793928
0.007536742
0.03211474
0.05289235
0.06741603
0.07397356
0.07179402
0.06113835
0.04326763
0.02029427
-0.00506659
-0.02982014
-0.05104317
-0.06622909
-0.07358699
-0.07224909
-0.06237555
-0.04513431
-0.02256196
0.002674427
0.02759542
0.04926095
0.06511343
0.07328184
0.07280429
0.0637406
0.04716326
0.02503154
-4.156683E-05
-0.02509836
-0.04718269
-0.06369001
-0.07267718
-0.07309103
-0.06488923
-0.04904659
-0.02744094
-0.002627925
0.02246154
0.04486646
0.06194556
0.07168753
0.07295047
0.06559577
0.05050086
0.02945659
0.004955248
-0.02010762
-0.04277352
-0.0603689
-0.07082278
-0.07290932
-0.06639054
-0.05204293
-0.03156662
-0.007382893
0.01765654
0.0406022
0.05875249
0.06997485
0.07295434
0.06734717
0.05382025
0.03397177
0.01014138
-0.01486695
-0.03811475
-0.05687011
-0.06892961
-0.07287949
-0.06825643
-0.05560143
-0.03639892
-0.01290173
0.01213375
0.03577045
0.0552316
0.0682254
0.07321337
0.06959264
0.05776862
0.03910891
0.01578578
-0.009474474
-0.033708
-0.05405857
-0.06811166
-0.07418106
-0.07151102
-0.06036992
-0.04202573
-0.01860772
0.00713719
0.03216649
0.05349347
0.06834222
0.07481658
0.07282062
0.06240595
0.04411497
0.02047763
-0.00560993
-0.03104012
-0.05278157
-0.06801025
-0.07484233
-0.07334911
-0.06351214
-0.04566511
-0.02235122
0.003569225
0.02902545
0.05099974
0.06674013
0.0743425
0.07348979
0.06416224
0.04692812
0.02411086
-0.001523059
-0.02694064
-0.04913617
-0.0654138
-0.07383402
-0.07368862
-0.06494286
-0.04837966
-0.0260987
-0.0007689992
0.0246132
0.04704875
0.06389125
0.07315919
0.07376902
0.06566171
0.04980687
0.02808976
0.003085779
-0.02224733
-0.0449146
-0.06223746
-0.07217351
-0.07355486
-0.0662241
-0.0510534
-0.02984247
-0.005103939
0.02023421
0.04317325
0.06099799
0.0715974
0.07371394
0.06709419
0.05251897
0.03171028
0.007127909
-0.01832063
-0.04162294
-0.06001696
-0.07132113
-0.07419111
-0.06828035
-0.05428298
-0.03385097
-0.009399785
0.01617654
0.0398507
0.05881954
0.07083467
0.07447162
0.06930038
0.05593401
0.03595636
0.01173639
-0.01385437
-0.03778641
-0.05722894
-0.06988361
-0.07426006
-0.06985191
-0.0571953
-0.03780203
-0.01397871
0.01144608
0.03546184
0.0552333
0.06843355
0.07351802
0.06990796
0.05805486
0.03938181
0.01611306
-0.008991938
-0.03296645
-0.05298744
-0.06670798
-0.07253132
-0.06979433
-0.05884429
-0.04099215
-0.0183545
0.006396902
0.03035193
0.05070236
0.06506857
0.07177688
0.07005271
0.06010849
0.04311548
0.02106668
-0.003456877
-0.02758806
-0.04850436
-0.06375495
-0.07154677
-0.07095046
-0.06201284
-0.04575276
-0.0240466
0.0005825175
0.02525833
0.04708039
0.06345588
0.07240171
0.07278534
0.06449804
0.04849106
0.0266525
0.00157703
-0.02375
-0.04630936
-0.06340706
-0.07300001
-0.07393897
-0.06610639
-0.05043031
-0.02877291
-0.003709232
0.02178352
0.04467822
0.06225608
0.07243255
0.07400358
0.06678908
0.05165109
0.03039204
0.005539601
-0.01995602
-0.04306986
-0.06106234
-0.0718037
-0.07402466
-0.06746808
-0.05291487
-0.0320916
-0.00746621
0.01804762
0.0414327
0.05992417
0.07133867
0.0743298
0.06854536
0.05466829
0.03433625
0.009946259
-0.0156283
-0.03937524
-0.05849756
-0.07074249
-0.07466631
-0.06980422
-0.05672549
-0.03696578
-0.01284707
0.01279445
0.03694234
0.05675432
0.06987996
0.07476309
0.07087198
0.05864457
0.03946501
0.01561316
-0.01009678
-0.03463183
-0.05509146
-0.06899097
-0.07465689
-0.07162863
-0.06019855
-0.04149349
-0.01782695
0.007976884
0.03285752
0.05385672
0.06836509
0.07461093
0.07222775
0.06139449
0.0430133
0.01945179
-0.006445963
-0.03159508
-0.05299143
-0.06793572
-0.07459164
-0.07267848
-0.06229821
-0.04418531
-0.02075007
0.005155941
0.03044264
0.05208969
0.06737933
0.07444928
0.07296931
0.06300911
0.04528381
0.02215734
-0.003557352
-0.02880067
-0.05057508
-0.06625474
-0.073983
-0.0730624
-0.06358906
-0.04653267
-0.02402924
0.001223333
0.02623823
0.04807159
0.06416906
0.07266632
0.07260276
0.06402615
0.04798092
0.02637978
0.001773031
-0.02295336
-0.04491375
-0.06155615
-0.0709587
-0.07204592
-0.06470972
-0.04981684
-0.02910532
-0.004984218
0.01974703
0.04221695
0.05980883
0.07046155
0.07289661
0.06676628
0.05273189
0.03241541
0.008198222
-0.01706512
-0.04038753
-0.05900536
-0.07070388
-0.07408512
-0.06873549
-0.05527198
-0.03527405
-0.01109644
0.01441062
0.0382369
0.05756932
0.07012237
0.07440842
0.06991525
0.05716732
0.03766331
0.01370047
-0.01189536
-0.03610598
-0.05607262
-0.06943354
-0.07460561
-0.07097084
-0.0589488
-0.03995004
-0.01621045
0.00947147
0.03406522
0.05466492
0.06875581
0.07464012
0.07189338
0.06076128
0.04227474
0.01874374
-0.007027543
-0.03199926
-0.05321829
-0.06802773
-0.07462257
-0.07274025
-0.06247107
-0.04451374
-0.02123546
0.004558984
0.02982038
0.05155813
0.06704778
0.07440361
0.0733045
0.06375064
0.04634183
0.02340603
-0.002278927
-0.02766917
-0.04975158
-0.06582294
-0.07395145
-0.07348654
-0.06441899
-0.04753671
-0.0250018
0.0004687901
0.02584597
0.04811108
0.06461682
0.07340445
0.07343639
0.06471936
0.04830001
0.02614178
0.000890322
-0.02444509
-0.04684745
-0.06364948
-0.07285474
-0.07337252
-0.06514607
-0.04916123
-0.02732514
-0.002239154
0.02311149
0.04571239
0.06287686
0.07256851
0.07364033
0.06596961
0.05047291
0.02899477
0.004087681
-0.02129466
-0.04414553
-0.06176127
-0.07206287
-0.07384172
-0.0669006
-0.05207309
-0.03112473
-0.00654004
0.01877469
0.04183307
0.05992135
0.0709211
0.07355434
0.06753091
0.0535806
0.03336318
0.00926943
-0.01586156
-0.03907858
-0.057663
-0.06944464
-0.07305508
-0.06808352
-0.05512241
-0.0356934
-0.01207013
0.01298719
0.03655582
0.05588545
0.06871395
0.07352971
0.06973649
0.05771687
0.03882236
0.01524904
-0.01022694
-0.03458463
-0.05491804
-0.06877665
-0.07448096
-0.07135945
-0.05975031
-0.04098543
-0.01731081
0.008447867
0.03321424
0.05402576
0.06834855
0.07445287
0.07175953
0.06055723
0.04204341
0.01850996
-0.007207721
-0.03203338
-0.05300213
-0.06761561
-0.07414119
-0.07181681
-0.06094233
-0.04283727
-0.01967835
0.005762885
0.03045393
0.05146316
0.06630816
0.07325
0.07149515
0.06128374
0.04385621
0.02130063
-0.003699113
-0.02818464
-0.04927301
-0.06449362
-0.07207709
-0.07115957
-0.06187918
-0.04535256
-0.02354074
0.0009835876
0.02534165
0.04668265
0.06251491
0.07099755
0.07114933
0.06296287
0.04740226
0.02628937
0.002093641
-0.02235739
-0.04420479
-0.06088988
-0.07045198
-0.07175815
-0.06463762
-0.04990306
-0.02926027
-0.005113349
0.01971313
0.04230293
0.05998807
0.07066292
0.07303613
0.06678773
0.0526122
0.03214521
0.007776694
-0.01762647
-0.04105898
-0.05973018
-0.07139567
-0.07463172
-0.06901193
-0.05516239
-0.03469281
-0.0100138
0.015948
0.04010112
0.05955568
0.07185589
0.07547358
0.07038213
0.05706889
0.03669542
0.01189059
-0.0143413
-0.03886806
-0.05875834
-0.07148299
-0.07547759
-0.07084506
-0.05802069
-0.03800531
-0.01347571
0.01257117
0.03702955
0.05699232
0.0700925
0.07480121
0.07063211
0.05812054
0.03876934
0.01492813
-0.01054975
-0.03464147
-0.05450852
-0.06783246
-0.07308551
-0.06970137
-0.05813155
-0.03978194
-0.01684062
0.007985905
0.03179403
0.0518196
0.0657548
0.07201131
0.0698937
0.05966089
0.04248109
0.02032198
-0.004247885
-0.02836254
-0.04919635
-0.06429481
-0.07186988
-0.07101186
-0.06180049
-0.0453013
-0.02344223
0.001210535
0.02575564
0.04729614
0.06328311
0.07181942
0.07188287
0.06345264
0.04751297
0.02593715
0.00126813
-0.0235824
-0.04567678
-0.06239868
-0.07176517
-0.07266054
-0.06497025
-0.049596
-0.02834995
-0.003739012
0.02133131
0.04389782
0.06129044
0.07145017
0.07317294
0.06625241
0.05150295
0.03066476
0.006200697
-0.01899785
-0.0419532
-0.05994916
-0.07085492
-0.07337956
-0.06722311
-0.05311247
-0.03271664
-0.008448981
0.01681771
0.04009194
0.05861679
0.07019524
0.07345209
0.06799915
0.05447917
0.03449114
0.01040426
-0.01492647
-0.038498
-0.05751167
-0.06970616
-0.0736284
-0.06880639
-0.05580524
-0.03616122
-0.01220158
0.01323284
0.03712441
0.05663394
0.06943861
0.07400956
0.06979398
0.0572819
0.03794895
0.01408224
-0.01149034
-0.03573506
-0.05577333
-0.06922115
-0.07447429
-0.07090048
-0.05891373
-0.03992792
-0.01618881
0.009492454
0.03407276
0.05463666
0.06869447
0.07456032
0.07171668
0.06045557
0.04193579
0.01843934
-0.007230894
-0.03203493
-0.05303535
-0.06770647
-0.07430196
-0.07219667
-0.06161627
-0.04368274
-0.02060054
0.004872721
0.02971933
0.05100039
0.06620432
0.07354843
0.07218405
0.06229508
0.045075
0.02258041
-0.002516348
-0.02724681
-0.04869658
-0.06434844
-0.0723792
-0.07187056
-0.06291164
-0.04658397
-0.02482673
-0.0002061659
0.02439035
0.04609447
0.06238755
0.07139284
0.07208922
0.06442161
0.04929053
0.02843125
0.00423288
-0.02051164
-0.04292512
-0.06038035
-0.07081232
-0.0729659
-0.06655045
-0.05228133
-0.0318027
-0.007502294
0.01776731
0.04102413
0.0595075
0.07100829
0.07413525
0.06848294
0.0546875
0.03435665
0.009881561
-0.01584441
-0.03976948
-0.05904546
-0.07133566
-0.07514851
-0.07012275
-0.05680674
-0.03665372
-0.01209951
0.01393488
0.03835825
0.0582652
0.07113522
0.07538223
0.07104304
0.05849472
0.03868981
0.01423742
-0.01190418
-0.03663403
-0.05701461
-0.07044922
-0.07528489
-0.0716015
-0.05968555
-0.04032502
-0.01613393
0.009946448
0.0348209
0.05553392
0.06948454
0.07497317
0.07188462
0.06046908
0.04157946
0.01771955
-0.008215187
-0.0331433
-0.05410264
-0.06850816
-0.07462223
-0.07207691
-0.06110045
-0.04266714
-0.0191415
0.006639301
0.03161056
0.05280403
0.06764012
0.0743397
0.07234688
0.06184947
0.04387447
0.02067376
-0.004971353
-0.03001769
-0.05149297
-0.0667998
-0.07410943
-0.07274763
-0.06283666
-0.04537457
-0.02252469
0.00298427
0.02813251
0.04994316
0.0658026
0.07382797
0.07319689
0.06396162
0.0471042
0.02468088
-0.000641018
-0.02586749
-0.04801885
-0.06448085
-0.07331508
-0.07348691
-0.06498643
-0.04882861
-0.0269304
-0.001885096
0.02334824
0.04579251
0.0628021
0.07237934
0.0734072
0.06577829
0.05040639
0.02911834
0.004433757
-0.02073481
-0.04342235
-0.06096162
-0.07129983
-0.07323531
-0.06655716
-0.05206872
-0.03148728
-0.007239958
0.01782513
0.04077221
0.05892248
0.07016914
0.07321915
0.06774136
0.05439885
0.03475651
0.01108247
-0.01390445
-0.03732104
-0.05644266
-0.06902146
-0.07355452
-0.06946543
-0.05718222
-0.03809736
-0.01441691
0.01109206
0.0354258
0.05569354
0.06938187
0.07479447
0.071532
0.05985558
0.0408151
0.01678217
-0.009371463
-0.03453549
-0.05569615
-0.06997547
-0.07552746
-0.07286722
-0.06199378
-0.04300628
-0.01873207
0.007814506
0.03346907
0.05515969
0.06987347
0.07571165
0.073508
0.06316677
0.04444975
0.02032924
-0.006155761
-0.03185169
-0.05369555
-0.06877796
-0.07521877
-0.07345023
-0.06343976
-0.04527914
-0.02171021
0.004331379
0.02975583
0.05155435
0.06703506
0.07435351
0.07315481
0.06351076
0.04614156
0.02335168
-0.002104806
-0.02722616
-0.04906096
-0.06505629
-0.07335693
-0.0730161
-0.06410056
-0.04768032
-0.02569835
-0.0007399217
0.02427001
0.04640643
0.06308423
0.0723599
0.073154
0.06537722
0.04994013
0.02864571
0.00398244
-0.02116512
-0.04385331
-0.06141932
-0.0717942
-0.07374646
-0.06702854
-0.05240985
-0.03158988
-0.007003289
0.01846409
0.04181013
0.06026997
0.07164573
0.07456724
0.06865942
0.05459244
0.03400718
0.009326628
-0.01652876
-0.04048838
-0.05969354
-0.0717905
-0.07529932
-0.06995869
-0.0563355
-0.03585523
-0.01103348
0.01515691
0.03959116
0.05934671
0.07187895
0.07562162
0.07076477
0.05772522
0.03742567
0.0125941
-0.01374189
-0.03844614
-0.05857396
-0.07150872
-0.07564542
-0.07132173
-0.0588763
-0.03901815
-0.01451133
0.01164104
0.03633997
0.05666636
0.07011334
0.07508738
0.07150698
0.05974342
0.04079866
0.01716211
-0.008335036
-0.03272907
-0.05319534
-0.06736734
-0.07361057
-0.07120962
-0.06045418
-0.04260731
-0.01975984
0.005409192
0.02994445
0.0509596
0.06597523
0.07321098
0.07179639
0.06188032
0.04461596
0.02202643
-0.003227722
-0.02816346
-0.04982521
-0.06563509
-0.07370254
-0.07304776
-0.06372375
-0.04681316
-0.02430279
0.001149798
0.02653157
0.04883059
0.06528225
0.07388352
0.07400238
0.06551018
0.04900488
0.02662186
0.001047281
-0.02469356
-0.047548
-0.06463464
-0.07386562
-0.07475342
-0.06703742
-0.05102722
-0.02890578
-0.003351438
0.02261511
0.04591845
0.06363562
0.07361294
0.07526221
0.06824689
0.0528224
0.03109806
0.005706652
-0.02034919
-0.04398544
-0.06231251
-0.0730999
-0.07540926
-0.06901997
-0.054335
-0.03314262
-0.008051748
0.01795302
0.0417946
0.06065658
0.07229846
0.07535018
0.06952742
0.05552241
0.03495064
0.01028825
-0.01553186
-0.0394538
-0.05865312
-0.07086901
-0.07467316
-0.06963608
-0.05637587
-0.03648103
-0.01232163
0.01323387
0.03716016
0.05663217
0.06935572
0.07384047
0.06957473
0.05708151
0.03785514
0.01418336
-0.01112585
-0.03507707
-0.05484043
-0.06808512
-0.07325301
-0.06974205
-0.05797719
-0.03935745
-0.01609031
0.009071277
0.03315393
0.05331248
0.06716486
0.07307615
0.07035001
0.05930855
0.04125485
0.01832074
-0.00678562
-0.03110265
-0.05176139
-0.06632335
-0.07307201
-0.07121211
-0.06096459
-0.0435417
-0.02100242
0.003992262
0.02849524
0.04962105
0.06488594
0.07250396
0.07159781
0.06230151
0.04574053
0.02389653
-0.000635738
-0.0249769
-0.04630691
-0.06217154
-0.07074896
-0.07105812
-0.06306967
-0.04771041
-0.02676185
-0.002656475
0.02180212
0.04375852
0.06063399
0.0704321
0.07197489
0.06504546
0.05042053
0.02978635
0.005548488
-0.01944861
-0.04225354
-0.06015239
-0.07099779
-0.0734677
-0.06722663
-0.05297432
-0.03236904
-0.007835856
0.0177166
0.04124433
0.05993165
0.07152832
0.07462323
0.06881831
0.05478134
0.03416993
0.009434902
-0.01647085
-0.04044769
-0.05962115
-0.07168012
-0.07517018
-0.06969057
-0.05588356
-0.03537261
-0.01062302
0.01540064
0.03958746
0.05904746
0.07141271
0.07519592
0.07011278
0.05673933
0.03652264
0.0119548
-0.01401719
-0.03830389
-0.05801997
-0.07077948
-0.07506308
-0.07055949
-0.05777284
-0.03805407
-0.01383701
0.01198765
0.03636594
0.05641915
0.06975046
0.07478526
0.07107456
0.0590378
0.03997814
0.01621489
-0.009432191
-0.03394141
-0.05442679
-0.06846894
-0.07441594
-0.07160988
-0.06037861
-0.04201406
-0.01870004
0.006810173
0.03150989
0.05248756
0.06726698
0.07410201
0.07218337
0.06173248
0.04397743
0.0210108
-0.004457546
-0.02942032
-0.05092586
-0.06639209
-0.07396992
-0.07287587
-0.06319788
-0.04594923
-0.02321959
0.00229512
0.02757833
0.04963483
0.06574868
0.07396983
0.07367649
0.06480663
0.04804736
0.02554609
-8.509367E-07
-0.0255732
-0.04814338
-0.06490909
-0.0738399
-0.0743473
-0.06626023
-0.05008166
-0.02795505
-0.002552701
0.02311521
0.04600614
0.06339215
0.07321689
0.07440428
0.06682264
0.05133559
0.02985072
0.00495979
-0.02036029
-0.04310869
-0.06063079
-0.07091772
-0.07281681
-0.06615596
-0.05175674
-0.03133221
-0.007288155
0.01755784
0.04030327
0.0582931
0.06942946
0.07241362
0.06689598
0.05352
0.03384834
0.01018235
-0.01470514
-0.03789233
-0.05665015
-0.06876227
-0.07278746
-0.06823386
-0.0556196
-0.03641503
-0.01287462
0.01222649
0.03592134
0.05540191
0.0683495
0.07321423
0.0694034
0.05735414
0.03848304
0.0150217
-0.01024715
-0.03432135
-0.05433675
-0.06790877
-0.07341879
-0.07020497
-0.05864539
-0.04011483
-0.01681813
0.008473653
0.0327537
0.05313582
0.06719917
0.0732785
0.07065912
0.05966181
0.04160252
0.01863222
-0.006518528
-0.03086706
-0.05153187
-0.06607349
-0.07278354
-0.07088383
-0.06061603
-0.04320855
-0.02072982
0.004157942
0.02851804
0.04948312
0.06459091
0.07207608
0.07107292
0.06171449
0.04511457
0.02323431
-0.001348044
-0.02574472
-0.04709543
-0.06289884
-0.07130685
-0.07134092
-0.0630049
-0.04728091
-0.02601733
-0.001710376
0.0227901
0.04461034
0.06118933
0.07058022
0.07167809
0.06434882
0.04944657
0.02871631
0.004589306
-0.02010012
-0.04244617
-0.05981272
-0.07014369
-0.07220642
-0.06573954
-0.05148582
-0.03110949
-0.007001364
0.01800026
0.04093972
0.05909391
0.07029729
0.07319883
0.06742464
0.05362581
0.03340761
0.009144537
-0.01629891
-0.03990803
-0.05887173
-0.07091649
-0.07458275
-0.06940122
-0.0559525
-0.03580502
-0.01133341
0.01456228
0.03880115
0.05848661
0.07115987
0.07525583
0.07061385
0.05768856
0.03767553
0.01313347
-0.01295589
-0.03745409
-0.05741923
-0.0704362
-0.0749765
-0.07071516
-0.05815419
-0.03864041
-0.01458169
0.01115376
0.03553214
0.05568654
0.06924074
0.07460763
0.07121233
0.05945351
0.04067837
0.0171213
-0.00844008
-0.03299877
-0.05366521
-0.0679964
-0.07429965
-0.07186319
-0.06096227
-0.04284403
-0.01965655
0.005863113
0.03070432
0.05193288
0.06700294
0.07411561
0.07254337
0.06243438
0.04485815
0.02194595
-0.003581486
-0.02870498
-0.05044852
-0.06617026
-0.07398234
-0.07317979
-0.0637984
-0.04672669
-0.02409306
0.001398075
0.02672761
0.04889267
0.06521184
0.07373361
0.07364544
0.06491369
0.0483871
0.02612203
0.0007789434
-0.02464025
-0.04712384
-0.06401077
-0.07330716
-0.07392004
-0.06578617
-0.04987841
-0.0280885
-0.003001382
0.02241179
0.04514535
0.06251432
0.07247081
0.07384695
0.06649015
0.05127991
0.030023
0.005236811
-0.02014812
-0.04313367
-0.06100762
-0.07166212
-0.07384366
-0.0673006
-0.05280927
-0.03208155
-0.007564475
0.01784926
0.04116275
0.05962607
0.07106187
0.07412089
0.06844011
0.05468666
0.03447799
0.01019322
-0.0153061
-0.03901621
-0.05814276
-0.07042645
-0.07441379
-0.06962939
-0.05663057
-0.0369431
-0.01288347
0.0127134
0.03682793
0.05661125
0.06972063
0.07459754
0.07065478
0.05834565
0.03911141
0.01521598
-0.01051991
-0.0350535
-0.05547635
-0.06927639
-0.07477566
-0.07160573
-0.06004952
-0.04116447
-0.0173193
0.008633946
0.03361514
0.05464721
0.06902773
0.07496244
0.07241057
0.06149227
0.04282649
0.0189613
-0.007178274
-0.0324552
-0.05381693
-0.06852445
-0.07477143
-0.07242326
-0.06167212
-0.04328854
-0.01976819
0.006012928
0.03098996
0.05220772
0.06716134
0.07410677
0.0722995
0.06197849
0.04435293
0.02154761
-0.00372938
-0.02849566
-0.04983912
-0.06525738
-0.07295216
-0.07203788
-0.06264111
-0.04588347
-0.0237474
0.001157231
0.02590234
0.04758321
0.06365626
0.07223947
0.0723312
0.06392527
0.04801214
0.02646342
0.001810232
-0.02305465
-0.04521316
-0.0620634
-0.07162641
-0.07277803
-0.06538089
-0.05030081
-0.0293057
-0.004859152
0.02016883
0.04283795
0.0604819
0.07102101
0.07320884
0.06677927
0.05247916
0.03198178
0.007692127
-0.01753509
-0.04073236
-0.05916628
-0.07065842
-0.07384516
-0.06833916
-0.0547762
-0.03474222
-0.01058978
0.01483875
0.03854822
0.05774115
0.07014727
0.0742951
0.06968501
0.05685155
0.03730222
0.0133401
-0.01220841
-0.03632512
-0.05615751
-0.0693571
-0.07435774
-0.07056078
-0.05840836
-0.03933332
-0.01558967
0.01001464
0.0344504
0.05482454
0.06871385
0.07446735
0.07142978
0.05994844
0.04134864
0.01784226
-0.007788692
-0.03251419
-0.0534113
-0.06795309
-0.07440086
-0.07219936
-0.0615586
-0.04353303
-0.0203494
0.005233961
0.03019963
0.05160133
0.06685471
0.07414014
0.07280923
0.0629659
0.04556183
0.02274719
-0.002767931
-0.0279779
-0.04990868
-0.06588133
-0.07397411
-0.07353865
-0.06453566
-0.04770257
-0.02516141
0.0004057894
0.0259865
0.04855594
0.06525696
0.07403363
0.07446708
0.06631856
0.04989349
0.02742203
0.001621121
-0.02444829
-0.04766505
-0.06496643
-0.07415569
-0.0750647
-0.06737021
-0.0510926
-0.02865271
-0.002842645
0.02325493
0.04653044
0.06405988
0.0737241
0.07501081
0.06765473
0.05197016
0.03013156
0.004805763
-0.02100435
-0.04424683
-0.06218429
-0.07271773
-0.07462896
-0.06772125
-0.05283941
-0.03176302
-0.006995171
0.01853557
0.04181973
0.06012147
0.07130107
0.07406152
0.06809878
0.05413419
0.03382836
0.009583606
-0.01574325
-0.03917489
-0.05796108
-0.06990186
-0.07360501
-0.06864782
-0.05562445
-0.03607449
-0.01230259
0.01289373
0.03655258
0.05589287
0.06864005
0.07329603
0.06931359
0.05715822
0.03825649
0.01483027
-0.01036532
-0.03436444
-0.05433824
-0.06792782
-0.07352056
-0.0704423
-0.05904019
-0.04064406
-0.01741121
0.007927313
0.03238521
0.05307236
0.06753638
0.07405356
0.07183474
0.06112285
0.04316586
0.02007161
-0.005437789
-0.03034969
-0.05171487
-0.06693286
-0.074169
-0.07278418
-0.06287386
-0.04537612
-0.02246462
0.003127296
0.0283693
0.05026855
0.066133
0.07404603
0.07340357
0.06419907
0.04719411
0.02456515
-0.0009696421
-0.02638563
-0.04867098
-0.06511573
-0.07375075
-0.07381581
-0.06524965
-0.04882471
-0.0266135
-0.001274645
0.02419559
0.04678863
0.06382768
0.07330374
0.07414816
0.06626267
0.05054722
0.02888086
0.003825201
-0.02166947
-0.04460509
-0.06228686
-0.07264028
-0.07445252
-0.06751312
-0.05263751
-0.03156995
-0.006780782
0.01882329
0.04223693
0.06070754
0.07205741
0.07493662
0.06898559
0.05487971
0.03425323
0.009514883
-0.01642967
-0.040516
-0.05987769
-0.0720616
-0.07552204
-0.07023586
-0.05672203
-0.03618022
-0.0112766
0.01496404
0.03941026
0.05914681
0.0716856
0.07550028
0.07068005
0.05769677
0.0376094
0.01307288
-0.01293329
-0.03732071
-0.05720026
-0.07021481
-0.07483878
-0.07059763
-0.05801377
-0.03856382
-0.01459731
0.01102579
0.03526644
0.05525879
0.06864725
0.07386584
0.07031946
0.05845165
0.03968612
0.01625622
-0.009059997
-0.03327055
-0.05352039
-0.06742795
-0.07336393
-0.07063881
-0.05958356
-0.04150944
-0.01855015
0.006589077
0.03095124
0.05167338
0.06631946
0.07316767
0.07141212
0.06125618
0.04388824
0.0213438
-0.003731089
-0.02839356
-0.04974522
-0.06526936
-0.07313097
-0.07239155
-0.06312121
-0.04639389
-0.02416287
0.0009642979
0.02603292
0.04808566
0.06450961
0.07334933
0.07353915
0.06503051
0.04880375
0.02675745
0.001486362
-0.02402532
-0.04675277
-0.06392201
-0.07345795
-0.07446075
-0.06672817
-0.05091313
-0.02899904
-0.00360594
0.02225201
0.0454964
0.06325511
0.07337172
0.07500028
0.06785202
0.05241628
0.0307059
0.005345437
-0.02064453
-0.04416515
-0.06235948
-0.07304467
-0.07514885
-0.06838676
-0.05338799
-0.03204264
-0.006921718
0.01898161
0.04258763
0.06109687
0.07232591
0.07496306
0.06872126
0.05436524
0.03361686
0.00894875
-0.01671411
-0.0403441
-0.05916582
-0.07097948
-0.07441913
-0.06910858
-0.05569934
-0.03578949
-0.01173127
0.01364784
0.03737611
0.05668306
0.06932006
0.07381991
0.06966407
0.05734222
0.03829282
0.01473711
-0.01057802
-0.03469686
-0.05479259
-0.0684938
-0.0741533
-0.07104459
-0.05948515
-0.04082435
-0.0172731
0.008368148
0.03304824
0.05382876
0.06819251
0.07441478
0.07189963
0.06091045
0.04261137
0.01924415
-0.00640127
-0.03128286
-0.05244936
-0.06735171
-0.07421019
-0.0723514
-0.06196134
-0.04413189
-0.02103876
0.004570173
0.0296653
0.05127577
0.06674431
0.07420152
0.07310796
0.06349809
0.0461566
0.02329121
-0.002367764
-0.02779569
-0.04998766
-0.06613529
-0.07426252
-0.0740682
-0.06540469
-0.04863517
-0.02604864
-0.000373528
0.02536738
0.04813435
0.06504302
0.07403036
0.07474781
0.06694034
0.05083803
0.02868417
0.003171904
-0.02268519
-0.04582993
-0.06343672
-0.07339801
-0.07487974
-0.06764077
-0.05222828
-0.03064106
-0.005482244
0.02026341
0.04354431
0.06160565
0.07231841
0.07443114
0.06771534
0.05298915
0.03201914
0.007309611
-0.01820047
-0.04148583
-0.05979188
-0.07096148
-0.07368983
-0.06767687
-0.05365711
-0.03331125
-0.009064706
0.01620243
0.0394987
0.05807383
0.06974194
0.07313915
0.06788149
0.05460899
0.03490591
0.01111131
-0.0139588
-0.03734642
-0.05629809
-0.06858759
-0.07277903
-0.06839332
-0.05596144
-0.03695947
-0.01363328
0.01126818
0.03481752
0.05425196
0.06729612
0.07242981
0.06906293
0.05760364
0.03940886
0.01662089
-0.00808482
-0.03181368
-0.0517904
-0.06568217
-0.07187203
-0.0696459
-0.05927389
-0.04197576
-0.01977864
0.004720122
0.02865864
0.04924058
0.0640594
0.07137982
0.07033826
0.06104268
0.04456155
0.0228028
-0.001707515
-0.0261171
-0.04757188
-0.06354476
-0.07213066
-0.07226095
-0.06383115
-0.04775221
-0.02587783
-0.0007831016
0.02454939
0.04708758
0.0640721
0.07342459
0.07414114
0.06606184
0.04997402
0.02785404
0.002352586
-0.02348268
-0.04655516
-0.06397083
-0.07359274
-0.07470947
-0.06707401
-0.05116077
-0.02908558
-0.003535621
0.02243465
0.04572004
0.06343304
0.07342935
0.07491768
0.06763954
0.05209871
0.03034736
0.005024577
-0.02085437
-0.04421386
-0.06228002
-0.07292248
-0.07492954
-0.06808154
-0.05318675
-0.03204285
-0.00716858
0.01849259
0.04191551
0.06034845
0.07163789
0.07447787
0.06855916
0.05460092
0.03426178
0.009942078
-0.01549967
-0.03908138
-0.05804503
-0.07017773
-0.07407048
-0.06927847
-0.05636974
-0.03686034
-0.0130369
0.01231193
0.03621956
0.05588515
0.06900085
0.07402338
0.07035314
0.05840755
0.03957465
0.01605408
-0.009398894
-0.03379545
-0.05426046
-0.06835595
-0.074396
-0.07169713
-0.06053756
-0.04215654
-0.01873088
0.006975889
0.03192745
0.05316443
0.0680073
0.07462659
0.07275711
0.06246628
0.04442716
0.02102498
-0.00491423
-0.03031286
-0.05214672
-0.06758634
-0.07471127
-0.07349728
-0.0638879
-0.04622087
-0.02299527
0.002938207
0.0284959
0.05063559
0.06656052
0.07433245
0.07366728
0.06452083
0.04740385
0.02466999
-0.0008987787
-0.02626263
-0.04841481
-0.0647417
-0.07333606
-0.07321832
-0.06444398
-0.04809307
-0.02613652
-0.001194403
0.02377799
0.0458383
0.06240329
0.07154953
0.0722338
0.06441029
0.04902634
0.02790655
0.003537884
-0.02122736
-0.04350143
-0.06069123
-0.07079815
-0.0726445
-0.06599449
-0.05157554
-0.03102449
-0.006725543
0.01847105
0.04158893
0.05987844
0.07114857
0.07403335
0.06815607
0.05418028
0.03373722
0.009235222
-0.01642677
-0.04020385
-0.05926567
-0.07133316
-0.07495546
-0.0696841
-0.05612683
-0.03587963
-0.01133768
0.01459034
0.03882729
0.05849354
0.07115243
0.0752624
0.07068479
0.05787085
0.03798991
0.01356459
-0.01247557
-0.03704746
-0.05723966
-0.0705103
-0.07523879
-0.0714215
-0.05938132
-0.04000971
-0.01586702
0.01013124
0.03491029
0.05553876
0.06944489
0.07494304
0.07188395
0.06052285
0.0417359
0.01798918
-0.007850492
-0.0327249
-0.05368833
-0.06818922
-0.07449348
-0.07212963
-0.06132619
-0.04311823
-0.01979991
0.005831828
0.03073668
0.05196152
0.06698897
0.07404172
0.07230555
0.061993
0.04432455
0.02141128
-0.004020528
-0.02895076
-0.05042252
-0.06589048
-0.07352328
-0.07242177
-0.06272552
-0.04559149
-0.02305854
0.002194961
0.02717278
0.04891407
0.06484302
0.07307497
0.07264116
0.06360055
0.04703182
0.02490457
-0.0001547331
-0.02517508
-0.04719486
-0.06360961
-0.07248242
-0.07277281
-0.06445739
-0.04853255
-0.02689452
-0.002112072
0.02287897
0.04512329
0.06199634
0.07151385
0.07256524
0.06504558
0.04986354
0.02883075
0.004446879
-0.0204002
-0.04277535
-0.0600433
-0.07018076
-0.07201087
-0.06534074
-0.05098067
-0.03064538
-0.006747289
0.01789184
0.04037011
0.05804946
0.06886458
0.07156131
0.06584119
0.05239087
0.03279835
0.009365169
-0.01516703
-0.03793722
-0.05629539
-0.06810859
-0.07200599
-0.06753259
-0.05518982
-0.03636651
-0.01320133
0.01163202
0.03523254
0.05481501
0.06804071
0.07330211
0.0699216
0.05824056
0.03959049
0.01614525
-0.009332439
-0.03381988
-0.05439066
-0.06852593
-0.07449009
-0.07167879
-0.06035445
-0.04169345
-0.01797187
0.007971596
0.03303655
0.05421755
0.06878067
0.07490446
0.07253234
0.06177283
0.04323477
0.01945916
-0.006642002
-0.03195224
-0.05344625
-0.06835646
-0.07484336
-0.07289334
-0.06257645
-0.04441416
-0.02094136
0.00496111
0.03021212
0.05181345
0.06711607
0.07429391
0.07287717
0.06298163
0.04546721
0.0225995
-0.002863414
-0.02790854
-0.04958186
-0.06533795
-0.07334071
-0.07267272
-0.06343832
-0.04674877
-0.02458754
0.0004269796
0.0253503
0.04725391
0.06356915
0.07238719
0.07267886
0.0644137
0.04856278
0.02698616
0.002215373
-0.02284372
-0.04524737
-0.06235703
-0.07215072
-0.07345989
-0.06610721
-0.05093304
-0.02970182
-0.004896632
0.02057047
0.04369624
0.06173879
0.0725453
0.07480727
0.06822021
0.05352825
0.03243861
0.007425829
-0.01855813
-0.04243216
-0.06128173
-0.07270976
-0.07554889
-0.06979894
-0.05576797
-0.03481065
-0.009635651
0.01672506
0.04113534
0.06058608
0.07249488
0.07571015
0.07058992
0.05720793
0.03652511
0.01144142
-0.014966
-0.03955256
-0.05938906
-0.0719371
-0.07565748
-0.07080445
-0.05782485
-0.03763992
-0.01299534
0.01309487
0.03753155
0.05742244
0.07039625
0.07494096
0.07069365
0.05817506
0.03878402
0.01490605
-0.01061042
-0.03476158
-0.05472851
-0.06820574
-0.07366512
-0.0705268
-0.05921612
-0.04109163
-0.01826645
0.006625417
0.03070856
0.0511921
0.06569435
0.07252117
0.07086632
0.06091137
0.04380758
0.02154583
-0.003272618
-0.02773877
-0.04897582
-0.06447643
-0.07240173
-0.07179907
-0.06271891
-0.04621351
-0.02421379
0.0006948248
0.02557586
0.04748788
0.06383312
0.07266735
0.07292984
0.06457331
0.04857057
0.02680096
0.001831381
-0.02338906
-0.04587794
-0.06297221
-0.07264398
-0.0737426
-0.06613225
-0.05070726
-0.02928782
-0.004404607
0.02100083
0.04392413
0.06165499
0.07209679
0.07401608
0.06718842
0.05242437
0.03147436
0.006820082
-0.01861904
-0.04183273
-0.06007518
-0.07119006
-0.07386576
-0.06779162
-0.05369445
-0.03325021
-0.008885317
0.01650979
0.03992441
0.05858412
0.07027766
0.07362183
0.06822462
0.05472905
0.03473895
0.01062856
-0.01473912
-0.03835352
-0.05741267
-0.06965234
-0.07361756
-0.06883615
-0.05587299
-0.03626258
-0.0123291
0.01308872
0.03697577
0.05649739
0.06933285
0.07395317
0.06980404
0.05736767
0.03810995
0.01430805
-0.01122124
-0.03545528
-0.05552182
-0.06903812
-0.07439646
-0.07095495
-0.05911178
-0.04026194
-0.01663139
0.008986403
0.03356022
0.05418175
0.06837547
0.07444692
0.07179767
0.06071024
0.04237745
0.0190282
-0.006561202
-0.0313632
-0.05244308
-0.06729045
-0.07414662
-0.07226758
-0.06186928
-0.04413314
-0.02119713
0.004211256
0.02908212
0.05047349
0.06586149
0.07343843
0.07232517
0.06267379
0.04564635
0.02327409
-0.001787994
-0.02657735
-0.04817506
-0.06405158
-0.07236397
-0.07216964
-0.06353213
-0.04750563
-0.02599641
-0.001518469
0.02309631
0.04500029
0.06164756
0.07109117
0.07221112
0.06484945
0.04983886
0.02891056
0.004498329
-0.02053951
-0.04325282
-0.06094592
-0.07149818
-0.07362205
-0.06702156
-0.05243327
-0.03154959
-0.006823869
0.01881951
0.04233052
0.06089672
0.07228275
0.07510308
0.06899117
0.05465071
0.03377277
0.008836566
-0.01718442
-0.04118199
-0.06028722
-0.07216681
-0.07538365
-0.06972472
-0.05583183
-0.03520843
-0.01040792
0.01558417
0.03966508
0.05896616
0.071197
0.07492016
0.0697175
0.05623664
0.03610921
0.01175032
-0.01393158
-0.03788531
-0.05727986
-0.06983498
-0.07409151
-0.06957752
-0.05685592
-0.03745415
-0.01367928
0.01165991
0.03558533
0.05529564
0.06849317
0.07365168
0.0701872
0.05852079
0.0400277
0.01687306
-0.008240985
-0.03239213
-0.05277493
-0.06702334
-0.07348445
-0.07140703
-0.0610305
-0.04355641
-0.02100734
0.004002731
0.0285706
0.04984054
0.06533279
0.07323223
0.07260327
0.06349997
0.04696404
0.02491087
-9.239829E-05
-0.02512462
-0.04724705
-0.06384937
-0.07295996
-0.07348086
-0.06532077
-0.04941454
-0.0276204
-0.002502938
0.02296777
0.04576339
0.06315808
0.07305916
0.0742593
0.06658406
0.05092029
0.0291169
0.003767953
-0.02209934
-0.04538306
-0.06318752
-0.07332843
-0.07490292
-0.0676196
-0.05200657
-0.03008271
-0.00450515
0.02166115
0.04527314
0.06331623
0.07353482
0.07533538
0.06844587
0.05304677
0.03119959
0.005638319
-0.02056819
-0.044287
-0.06257934
-0.07322013
-0.0753787
-0.06882674
-0.05396885
-0.03273319
-0.007759886
0.01798321
0.04148581
0.06001854
0.07143861
0.07443607
0.06868258
0.05486833
0.03462416
0.01032878
-0.01516687
-0.03887071
-0.05799918
-0.07030224
-0.07432767
-0.06959563
-0.05665374
-0.03701656
-0.01299045
0.0125977
0.03673342
0.05656702
0.0697466
0.0747045
0.07085586
0.05864066
0.03947901
0.01563293
-0.01008141
-0.03462606
-0.05509731
-0.06900398
-0.07467373
-0.07167109
-0.06028844
-0.04163438
-0.01802819
0.0077129
0.0325441
0.05352579
0.06809164
0.07448909
0.07225535
0.06158349
0.04345094
0.02014608
-0.005541016
-0.03057016
-0.05197651
-0.06714644
-0.07425759
-0.07275657
-0.06275261
-0.04515292
-0.0221804
0.003415471
0.0286061
0.0504088
0.06617148
0.0740063
0.07324865
0.06392831
0.04689885
0.02430227
-0.001158783
-0.02647235
-0.04864491
-0.06501848
-0.07364731
-0.07364807
-0.06499563
-0.04859158
-0.02644551
-0.001194364
0.02417515
0.04666216
0.0636088
0.07301634
0.07377946
0.06581593
0.05007572
0.02842757
0.003437523
-0.02193579
-0.04469119
-0.0621378
-0.07221474
-0.07373426
-0.06651979
-0.05142795
-0.0302467
-0.005483526
0.0199315
0.04299038
0.06096209
0.07171752
0.07397944
0.06747326
0.0529618
0.03215643
0.007513164
-0.01805731
-0.04152918
-0.06011995
-0.07162192
-0.07466225
-0.06886709
-0.05490636
-0.03441763
-0.009815478
0.0159958
0.03996442
0.05925
0.07150613
0.07525394
0.07024862
0.05702231
0.03693047
0.01244731
-0.01350908
-0.03786663
-0.05774027
-0.07068545
-0.07514557
-0.07094898
-0.05853133
-0.03905663
-0.01502356
0.01066387
0.03497115
0.05506127
0.06861231
0.07407046
0.07082381
0.05927136
0.04077348
0.01749568
-0.007839458
-0.0322688
-0.05293027
-0.06739393
-0.07395072
-0.07181187
-0.06120509
-0.04335315
-0.02033649
0.005146746
0.03009696
0.05156544
0.06690382
0.07424192
0.07303954
0.06332349
0.04586982
0.02289483
-0.002852423
-0.0283214
-0.05048248
-0.06649549
-0.07437516
-0.07388357
-0.06489255
-0.04776423
-0.02487075
0.000992259
0.02674722
0.04932182
0.0658248
0.07422318
0.07424983
0.0657348
0.04899427
0.0263812
0.0006725463
-0.02506853
-0.04777484
-0.06465703
-0.07369035
-0.07415903
-0.06595344
-0.04975028
-0.0276607
-0.002362186
0.02313322
0.04579975
0.06295981
0.0726004
0.07360727
0.06589359
0.05040561
0.02900337
0.004237601
-0.02095575
-0.04360228
-0.06103785
-0.07122359
-0.07298092
-0.06612726
-0.05149155
-0.03081462
-0.006541911
0.01846718
0.04127347
0.05920166
0.0701543
0.07285326
0.06698912
0.05325735
0.0332727
0.009381181
-0.0156133
-0.03877917
-0.05739902
-0.06928627
-0.07304151
-0.0682174
-0.05537374
-0.03601107
-0.01239675
0.01269798
0.03632384
0.05569863
0.06853429
0.07330733
0.06944006
0.05737203
0.0385109
0.0150697
-0.01019179
-0.03429308
-0.05438235
-0.06807251
-0.07372752
-0.07065826
-0.05920713
-0.04071204
-0.01734905
0.008122194
0.03268419
0.05342007
0.06785307
0.07425254
0.07186323
0.06094927
0.04277291
0.01949551
-0.006116002
-0.03101523
-0.05223582
-0.06721571
-0.07415772
-0.07234776
-0.0619816
-0.0442015
-0.0212022
0.004237072
0.02905906
0.05029844
0.06545661
0.07278794
0.0714789
0.06173167
0.04473471
0.02251745
-0.002290618
-0.02676986
-0.04804747
-0.06363233
-0.07170527
-0.07132699
-0.06254949
-0.04640876
-0.02480233
-0.0002690909
0.02430625
0.04603002
0.06233948
0.07130475
0.07185611
0.06391326
0.0483968
0.02712343
0.002595049
-0.02229563
-0.04460359
-0.0616802
-0.07148877
-0.07284601
-0.06556785
-0.05049356
-0.02938868
-0.004740701
0.02053662
0.04344743
0.06126818
0.07187349
0.07398853
0.06734526
0.05271519
0.03181911
0.007124045
-0.01844949
-0.04187238
-0.06036908
-0.07174629
-0.07465193
-0.06873952
-0.05470859
-0.03421984
-0.009696841
0.01595931
0.03971518
0.05876522
0.07086193
0.0745827
0.06949699
0.05621507
0.03631425
0.01215117
-0.01341751
-0.03737414
-0.05689658
-0.06968706
-0.07424463
-0.07004187
-0.05758303
-0.03834347
-0.01459607
0.01085916
0.0350265
0.0550634
0.06861329
0.07408494
0.07083824
0.05925726
0.040704
0.01736097
-0.008028125
-0.03248076
-0.05312346
-0.06752889
-0.0740012
-0.07177658
-0.06111265
-0.04325837
-0.02030831
0.005042532
0.02981447
0.0510925
0.0663697
0.07384109
0.07261746
0.06283325
0.04563003
0.02302615
-0.002319971
-0.02742436
-0.04932379
-0.06539631
-0.07372367
-0.07341892
-0.06447484
-0.04782324
-0.02547072
-6.048669E-05
0.0254077
0.04791764
0.06469735
0.07371383
0.07424024
0.0661079
0.04991433
0.02773694
0.002234224
-0.02356932
-0.04660072
-0.06398603
-0.07359996
-0.07473461
-0.06713453
-0.05125905
-0.02921844
-0.003702434
0.02222096
0.04542273
0.06309277
0.07312679
0.074417
0.06684694
0.05131776
0.02973501
0.00468898
-0.02084202
-0.04383715
-0.06158808
-0.07201792
-0.07391942
-0.06709197
-0.05236369
-0.03148925
-0.006940003
0.01838782
0.04151111
0.05971059
0.07084946
0.07362401
0.06771685
0.05383065
0.03360549
0.009428373
-0.01584869
-0.03924622
-0.05800759
-0.06991943
-0.07357568
-0.06854562
-0.0554218
-0.03575196
-0.01185788
0.01343964
0.03715313
0.05648087
0.06913815
0.07362786
0.06941756
0.05700332
0.03785145
0.01422648
-0.01107878
-0.03507368
-0.05492118
-0.0682741
-0.07355448
-0.07014007
-0.05843653
-0.03983005
-0.01652249
0.008728325
0.03293653
0.05324159
0.06724603
0.07329776
0.07068571
0.05972512
0.04171764
0.01879589
-0.006328803
-0.03068797
-0.05140634
-0.0660388
-0.07286156
-0.07107638
-0.06090065
-0.04354035
-0.02104933
0.003914009
0.0284036
0.04953109
0.06480575
0.07242916
0.07150441
0.06214255
0.04545017
0.02339713
-0.001417627
-0.02607257
-0.04766412
-0.06364824
-0.07214326
-0.072148
-0.06366012
-0.04767704
-0.02607766
-0.001400951
0.02345317
0.04556157
0.06232264
0.07176247
0.07276729
0.06521488
0.04998783
0.02887155
0.004346259
-0.02070558
-0.04333736
-0.06088232
-0.07126793
-0.07326216
-0.06661847
-0.05210526
-0.03141896
-0.006988166
0.01831398
0.0415055
0.05984339
0.07114859
0.0740651
0.06822347
0.05428747
0.03387859
0.009391103
-0.01628677
-0.04011429
-0.05925521
-0.07140984
-0.07510104
-0.06987178
-0.05630329
-0.03596273
-0.01126555
0.01484265
0.03922965
0.05894421
0.07149377
0.07532971
0.0703468
0.05708879
0.03683823
0.01219418
-0.01385609
-0.03820772
-0.05796889
-0.07075539
-0.07505199
-0.07054637
-0.05775452
-0.03804516
-0.01385302
0.01192913
0.03624712
0.05622581
0.06950945
0.07453902
0.07073247
0.05855357
0.03945546
0.01570493
-0.00988513
-0.03428896
-0.05462344
-0.06848745
-0.0742484
-0.07123182
-0.05979901
-0.04130526
-0.01793928
0.007536742
0.03211474
0.05289235
0.06741603
0.07397356
0.07179402
0.06113835
0.04326763
0.02029427
-0.00506659
-0.02982014
-0.05104317
-0.06622909
-0.07358699
-0.07224909
-0.06237555
-0.04513431
-0.02256196
0.002674427
0.02759542
0.04926095
0.06511343
0.07328184
0.07280429
0.0637406
0.04716326
0.02503154
-4.156683E-05
-0.02509836
-0.04718269
-0.06369001
-0.07267718
-0.07309103
-0.06488923
-0.04904659
-0.02744094
-0.002627925
0.02246154
0.04486646
0.06194556
0.07168753
0.07295047
0.06559577
0.05050086
0.02945659
0.004955248
-0.02010762
-0.04277352
-0.0603689
-0.07082278
-0.07290932
-0.06639054
-0.05204293
-0.03156662
-0.007382893
0.01765654
0.0406022
0.05875249
0.06997485
0.07295434
0.06734717
0.05382025
0.03397177
0.01014138
-0.01486695
-0.03811475
-0.05687011
-0.06892961
-0.07287949
-0.06825643
-0.05560143
-0.03639892
-0.01290173
0.01213375
0.03577045
0.0552316
0.0682254
0.07321337
0.06959264
0.05776862
0.03910891
0.01578578
-0.009474474
-0.033708
-0.05405857
-0.06811166
-0.07418106
-0.07151102
-0.06036992
-0.04202573
-0.01860772
0.00713719
0.03216649
0.05349347
0.06834222
0.07481658
0.07282062
0.06240595
0.04411497
0.02047763
-0.00560993
-0.03104012
-0.05278157
-0.06801025
-0.07484233
-0.07334911
-0.06351214
-0.04566511
-0.02235122
0.003569225
0.02902545
0.05099974
0.06674013
0.0743425
0.07348979
0.06416224
0.04692812
0.02411086
-0.001523059
-0.02694064
-0.04913617
-0.0654138
-0.07383402
-0.07368862
-0.06494286
-0.04837966
-0.0260987
-0.0007689992
0.0246132
0.04704875
0.06389125
0.07315919
0.07376902
0.06566171
0.04980687
0.02808976
0.003085779
-0.02224733
-0.0449146
-0.06223746
-0.07217351
-0.07355486
-0.0662241
-0.0510534
-0.02984247
-0.005103939
0.02023421
0.04317325
0.06099799
0.0715974
0.07371394
0.06709419
0.05251897
0.03171028
0.007127909
-0.01832063
-0.04162294
-0.06001696
-0.07132113
-0.07419111
-0.06828035
-0.05428298
-0.03385097
-0.009399785
0.01617654
0.0398507
0.05881954
0.07083467
0.07447162
0.06930038
0.05593401
0.03595636
0.01173639
-0.01385437
-0.03778641
-0.05722894
-0.06988361
-0.07426006
-0.06985191
-0.0571953
-0.03780203
-0.01397871
0.01144608
0.03546184
0.0552333
0.06843355
0.07351802
0.06990796
0.05805486
0.03938181
0.01611306
-0.008991938
-0.03296645
-0.05298744
-0.06670798
-0.07253132
-0.06979433
-0.05884429
-0.04099215
-0.0183545
0.006396902
0.03035193
0.05070236
0.06506857
0.07177688
0.07005271
0.06010849
0.04311548
0.02106668
-0.003456877
-0.02758806
-0.04850436
-0.06375495
-0.07154677
-0.07095046
-0.06201284
-0.04575276
-0.0240466
0.0005825175
0.02525833
0.04708039
0.06345588
0.07240171
0.07278534
0.06449804
0.04849106
0.0266525
0.00157703
-0.02375
-0.04630936
-0.06340706
-0.07300001
-0.07393897
-0.06610639
-0.05043031
-0.02877291
-0.003709232
0.02178352
0.04467822
0.06225608
0.07243255
0.07400358
0.06678908
0.05165109
0.03039204
0.005539601
-0.01995602
-0.04306986
-0.06106234
-0.0718037
-0.07402466
-0.06746808
-0.05291487
-0.0320916
-0.00746621
0.01804762
0.0414327
0.05992417
0.07133867
0.0743298
0.06854536
0.05466829
0.03433625
0.009946259
-0.0156283
-0.03937524
-0.05849756
-0.07074249
-0.07466631
-0.06980422
-0.05672549
-0.03696578
-0.01284707
0.01279445
0.03694234
0.05675432
0.06987996
0.07476309
0.07087198
0.05864457
0.03946501
0.01561316
-0.01009678
-0.03463183
-0.05509146
-0.06899097
-0.07465689
-0.07162863
-0.06019855
-0.04149349
-0.01782695
0.007976884
0.03285752
0.05385672
0.06836509
0.07461093
0.07222775
0.06139449
0.0430133
0.01945179
-0.006445963
-0.03159508
-0.05299143
-0.06793572
-0.07459164
-0.07267848
-0.06229821
-0.04418531
-0.02075007
0.005155941
0.03044264
0.05208969
0.06737933
0.07444928
0.07296931
0.06300911
0.04528381
0.02215734
-0.003557352
-0.02880067
-0.05057508
-0.06625474
-0.073983
-0.0730624
-0.06358906
-0.04653267
-0.02402924
0.001223333
0.02623823
0.04807159
0.06416906
0.07266632
0.07260276
0.06402615
0.04798092
0.02637978
0.001773031
-0.02295336
-0.04491375
-0.06155615
-0.0709587
-0.07204592
-0.06470972
-0.04981684
-0.02910532
-0.004984218
0.01974703
0.04221695
0.05980883
0.07046155
0.07289661
0.06676628
0.05273189
0.03241541
0.008198222
-0.01706512
-0.04038753
-0.05900536
-0.07070388
-0.07408512
-0.06873549
-0.05527198
-0.03527405
-0.01109644
0.01441062
0.0382369
0.05756932
0.07012237
0.07440842
0.06991525
0.05716732
0.03766331
0.01370047
-0.01189536
-0.03610598
-0.05607262
-0.06943354
-0.07460561
-0.07097084
-0.0589488
-0.03995004
-0.01621045
0.00947147
0.03406522
0.05466492
0.06875581
0.07464012
0.07189338
0.06076128
0.04227474
0.01874374
-0.007027543
-0.03199926
-0.05321829
-0.06802773
-0.07462257
-0.07274025
-0.06247107
-0.04451374
-0.02123546
0.004558984
0.02982038
0.05155813
0.06704778
0.07440361
0.0733045
0.06375064
0.04634183
0.02340603
-0.002278927
-0.02766917
-0.04975158
-0.06582294
-0.07395145
-0.07348654
-0.06441899
-0.04753671
-0.0250018
0.0004687901
0.02584597
0.04811108
0.06461682
0.07340445
0.07343639
0.06471936
0.04830001
0.02614178
0.000890322
-0.02444509
-0.04684745
-0.06364948
-0.07285474
-0.07337252
-0.06514607
-0.04916123
-0.02732514
-0.002239154
0.02311149
0.04571239
0.06287686
0.07256851
0.07364033
0.06596961
0.05047291
0.02899477
0.004087681
-0.02129466
-0.04414553
-0.06176127
-0.07206287
-0.07384172
-0.0669006
-0.05207309
-0.03112473
-0.00654004
0.01877469
0.04183307
0.05992135
0.0709211
0.07355434
0.06753091
0.0535806
0.03336318
0.00926943
-0.01586156
-0.03907858
-0.057663
-0.06944464
-0.07305508
-0.06808352
-0.05512241
-0.0356934
-0.01207013
0.01298719
0.03655582
0.05588545
0.06871395
0.07352971
0.06973649
0.05771687
0.03882236
0.01524904
-0.01022694
-0.03458463
-0.05491804
-0.06877665
-0.07448096
-0.07135945
-0.05975031
-0.04098543
-0.01731081
0.008447867
0.03321424
0.05402576
0.06834855
0.07445287
0.07175953
0.06055723
0.04204341
0.01850996
-0.007207721
-0.03203338
-0.05300213
-0.06761561
-0.07414119
-0.07181681
-0.06094233
-0.04283727
-0.01967835
0.005762885
0.03045393
0.05146316
0.06630816
0.07325
0.07149515
0.06128374
0.04385621
0.02130063
-0.003699113
-0.02818464
-0.04927301
-0.06449362
-0.07207709
-0.07115957
-0.06187918
-0.04535256
-0.02354074
0.0009835876
0.02534165
0.04668265
0.06251491
0.07099755
0.07114933
0.06296287
0.04740226
0.02628937
0.002093641
-0.02235739
-0.04420479
-0.06088988
-0.07045198
-0.07175815
-0.06463762
-0.04990306
-0.02926027
-0.005113349
0.01971313
0.04230293
0.05998807
0.07066292
0.07303613
0.06678773
0.0526122
0.03214521
0.007776694
-0.01762647
-0.04105898
-0.05973018
-0.07139567
-0.07463172
-0.06901193
-0.05516239
-0.03469281
-0.0100138
0.015948
0.04010112
0.05955568
0.07185589
0.07547358
0.07038213
0.05706889
0.03669542
0.01189059
-0.0143413
-0.03886806
-0.05875834
-0.07148299
-0.07547759
-0.07084506
-0.05802069
-0.03800531
-0.01347571
0.01257117
0.03702955
0.05699232
0.0700925
0.07480121
0.07063211
0.05812054
0.03876934
0.01492813
-0.01054975
-0.03464147
-0.05450852
-0.06783246
-0.07308551
-0.06970137
-0.05813155
-0.03978194
-0.01684062
0.007985905
0.03179403
0.0518196
0.0657548
0.07201131
0.0698937
0.05966089
0.04248109
0.02032198
-0.004247885
-0.02836254
-0.04919635
-0.06429481
-0.07186988
-0.07101186
-0.06180049
-0.0453013
-0.02344223
0.001210535
0.02575564
0.04729614
0.06328311
0.07181942
0.07188287
0.06345264
0.04751297
0.02593715
0.00126813
-0.0235824
-0.04567678
-0.06239868
-0.07176517
-0.07266054
-0.06497025
-0.049596
-0.02834995
-0.003739012
0.02133131
0.04389782
0.06129044
0.07145017
0.07317294
0.06625241
0.05150295
0.03066476
0.006200697
-0.01899785
-0.0419532
-0.05994916
-0.07085492
-0.07337956
-0.06722311
-0.05311247
-0.03271664
-0.008448981
0.01681771
0.04009194
0.05861679
0.07019524
0.07345209
0.06799915
0.05447917
0.03449114
0.01040426
-0.01492647
-0.038498
-0.05751167
-0.06970616
-0.0736284
-0.06880639
-0.05580524
-0.03616122
-0.01220158
0.01323284
0.03712441
0.05663394
0.06943861
0.07400956
0.06979398
0.0572819
0.03794895
0.01408224
-0.01149034
-0.03573506
-0.05577333
-0.06922115
-0.07447429
-0.07090048
-0.05891373
-0.03992792
-0.01618881
0.009492454
0.03407276
0.05463666
0.06869447
0.07456032
0.07171668
0.06045557
0.04193579
0.01843934
-0.007230894
-0.03203493
-0.05303535
-0.06770647
-0.07430196
-0.07219667
-0.06161627
-0.04368274
-0.02060054
0.004872721
0.02971933
0.05100039
0.06620432
0.07354843
0.07218405
0.06229508
0.045075
0.02258041
-0.002516348
-0.02724681
-0.04869658
-0.06434844
-0.0723792
-0.07187056
-0.06291164
-0.04658397
-0.02482673
-0.0002061659
0.02439035
0.04609447
0.06238755
0.07139284
0.07208922
0.06442161
0.04929053
0.02843125
0.00423288
-0.02051164
-0.04292512
-0.06038035
-0.07081232
-0.0729659
-0.06655045
-0.05228133
-0.0318027
-0.007502294
0.01776731
0.04102413
0.0595075
0.07100829
0.07413525
0.06848294
0.0546875
0.03435665
0.009881561
-0.01584441
-0.03976948
-0.05904546
-0.07133566
-0.07514851
-0.07012275
-0.05680674
-0.03665372
-0.01209951
0.01393488
0.03835825
0.0582652
0.07113522
0.07538223
0.07104304
0.05849472
0.03868981
0.01423742
-0.01190418
-0.03663403
-0.05701461
-0.07044922
-0.07528489
-0.0716015
-0.05968555
-0.04032502
-0.01613393
0.009946448
0.0348209
0.05553392
0.06948454
0.07497317
0.07188462
0.06046908
0.04157946
0.01771955
-0.008215187
-0.0331433
-0.05410264
-0.06850816
-0.07462223
-0.07207691
-0.06110045
-0.04266714
-0.0191415
0.006639301
0.03161056
0.05280403
0.06764012
0.0743397
0.07234688
0.06184947
0.04387447
0.02067376
-0.004971353
-0.03001769
-0.05149297
-0.0667998
-0.07410943
-0.07274763
-0.06283666
-0.04537457
-0.02252469
0.00298427
0.02813251
0.04994316
0.0658026
0.07382797
0.07319689
0.06396162
0.0471042
0.02468088
-0.000641018
-0.02586749
-0.04801885
-0.06448085
-0.07331508
-0.07348691
-0.06498643
-0.04882861
-0.0269304
-0.001885096
0.02334824
0.04579251
0.0628021
0.07237934
0.0734072
0.06577829
0.05040639
0.02911834
0.004433757
-0.02073481
-0.04342235
-0.06096162
-0.07129983
-0.07323531
-0.06655716
-0.05206872
-0.03148728
-0.007239958
0.01782513
0.04077221
0.05892248
0.07016914
0.07321915
0.06774136
0.05439885
0.03475651
0.01108247
-0.01390445
-0.03732104
-0.05644266
-0.06902146
-0.07355452
-0.06946543
-0.05718222
-0.03809736
-0.01441691
0.01109206
0.0354258
0.05569354
0.06938187
0.07479447
0.071532
0.05985558
0.0408151
0.01678217
-0.009371463
-0.03453549
-0.05569615
-0.06997547
-0.07552746
-0.07286722
-0.06199378
-0.04300628
-0.01873207
0.007814506
0.03346907
0.05515969
0.06987347
0.07571165
0.073508
0.06316677
0.04444975
0.02032924
-0.006155761
-0.03185169
-0.05369555
-0.06877796
-0.07521877
-0.07345023
-0.06343976
-0.04527914
-0.02171021
0.004331379
0.02975583
0.05155435
0.06703506
0.07435351
0.07315481
0.06351076
0.04614156
0.02335168
-0.002104806
-0.02722616
-0.04906096
-0.06505629
-0.07335693
-0.0730161
-0.06410056
-0.04768032
-0.02569835
-0.0007399217
0.02427001
0.04640643
0.06308423
0.0723599
0.073154
0.06537722
0.04994013
0.02864571
0.00398244
-0.02116512
-0.04385331
-0.06141932
-0.0717942
-0.07374646
-0.06702854
-0.05240985
-0.03158988
-0.007003289
0.01846409
0.04181013
0.06026997
0.07164573
0.07456724
0.06865942
0.05459244
0.03400718
0.009326628
-0.01652876
-0.04048838
-0.05969354
-0.0717905
-0.07529932
-0.06995869
-0.0563355
-0.03585523
-0.01103348
0.01515691
0.03959116
0.05934671
0.07187895
0.07562162
0.07076477
0.05772522
0.03742567
0.0125941
-0.01374189
-0.03844614
-0.05857396
-0.07150872
-0.07564542
-0.07132173
-0.0588763
-0.03901815
-0.01451133
0.01164104
0.03633997
0.05666636
0.07011334
0.07508738
0.07150698
0.05974342
0.04079866
0.01716211
-0.008335036
-0.03272907
-0.05319534
-0.06736734
-0.07361057
-0.07120962
-0.06045418
-0.04260731
-0.01975984
0.005409192
0.02994445
0.0509596
0.06597523
0.07321098
0.07179639
0.06188032
0.04461596
0.02202643
-0.003227722
-0.02816346
-0.04982521
-0.06563509
-0.07370254
-0.07304776
-0.06372375
-0.04681316
-0.02430279
0.001149798
0.02653157
0.04883059
0.06528225
0.07388352
0.07400238
0.06551018
0.04900488
0.02662186
0.001047281
-0.02469356
-0.047548
-0.06463464
-0.07386562
-0.07475342
-0.06703742
-0.05102722
-0.02890578
-0.003351438
0.02261511
0.04591845
0.06363562
0.07361294
0.07526221
0.06824689
0.0528224
0.03109806
0.005706652
-0.02034919
-0.04398544
-0.06231251
-0.0730999
-0.07540926
-0.06901997
-0.054335
-0.03314262
-0.008051748
0.01795302
0.0417946
0.06065658
0.07229846
0.07535018
0.06952742
0.05552241
0.03495064
0.01028825
-0.01553186
-0.0394538
-0.05865312
-0.07086901
-0.07467316
-0.06963608
-0.05637587
-0.03648103
-0.01232163
0.01323387
0.03716016
0.05663217
0.06935572
0.07384047
0.06957473
0.05708151
0.03785514
0.01418336
-0.01112585
-0.03507707
-0.05484043
-0.06808512
-0.07325301
-0.06974205
-0.05797719
-0.03935745
-0.01609031
0.009071277
0.03315393
0.05331248
0.06716486
0.07307615
0.07035001
0.05930855
0.04125485
0.01832074
-0.00678562
-0.03110265
-0.05176139
-0.06632335
-0.07307201
-0.07121211
-0.06096459
-0.0435417
-0.02100242
0.003992262
0.02849524
0.04962105
0.06488594
0.07250396
0.07159781
0.06230151
0.04574053
0.02389653
-0.000635738
-0.0249769
-0.04630691
-0.06217154
-0.07074896
-0.07105812
-0.06306967
-0.04771041
-0.02676185
-0.002656475
0.02180212
0.04375852
0.06063399
0.0704321
0.07197489
0.06504546
0.05042053
0.02978635
0.005548488
-0.01944861
-0.04225354
-0.06015239
-0.07099779
-0.0734677
-0.06722663
-0.05297432
-0.03236904
-0.007835856
0.0177166
0.04124433
0.05993165
0.07152832
0.07462323
0.06881831
0.05478134
0.03416993
0.009434902
-0.01647085
-0.04044769
-0.05962115
-0.07168012
-0.07517018
-0.06969057
-0.05588356
-0.03537261
-0.01062302
0.01540064
0.03958746
0.05904746
0.07141271
0.07519592
0.07011278
0.05673933
0.03652264
0.0119548
-0.01401719
-0.03830389
-0.05801997
-0.07077948
-0.07506308
-0.07055949
-0.05777284
-0.03805407
-0.01383701
0.01198765
0.03636594
0.05641915
0.06975046
0.07478526
0.07107456
0.0590378
0.03997814
0.01621489
-0.009432191
-0.03394141
-0.05442679
-0.06846894
-0.07441594
-0.07160988
-0.06037861
-0.04201406
-0.01870004
0.006810173
0.03150989
0.05248756
0.06726698
0.07410201
0.07218337
0.06173248
0.04397743
0.0210108
-0.004457546
-0.02942032
-0.05092586
-0.06639209
-0.07396992
-0.07287587
-0.06319788
-0.04594923
-0.02321959
0.00229512
0.02757833
0.04963483
0.06574868
0.07396983
0.07367649
0.06480663
0.04804736
0.02554609
-8.509367E-07
-0.0255732
-0.04814338
-0.06490909
-0.0738399
-0.0743473
-0.06626023
-0.05008166
-0.02795505
-0.002552701
0.02311521
0.04600614
0.06339215
0.07321689
0.07440428
0.06682264
0.05133559
0.02985072
0.00495979
-0.02036029
-0.04310869
-0.06063079
-0.07091772
-0.07281681
-0.06615596
-0.05175674
-0.03133221
-0.007288155
0.01755784
0.04030327
0.0582931
0.06942946
0.07241362
0.06689598
0.05352
0.03384834
0.01018235
-0.01470514
-0.03789233
-0.05665015
-0.06876227
-0.07278746
-0.06823386
-0.0556196
-0.03641503
-0.01287462
0.01222649
0.03592134
0.05540191
0.0683495
0.07321423
0.0694034
0.05735414
0.03848304
0.0150217
-0.01024715
-0.03432135
-0.05433675
-0.06790877
-0.07341879
-0.07020497
-0.05864539
-0.04011483
-0.01681813
0.008473653
0.0327537
0.05313582
0.06719917
0.0732785
0.07065912
0.05966181
0.04160252
0.01863222
-0.006518528
-0.03086706
-0.05153187
-0.06607349
-0.07278354
-0.07088383
-0.06061603
-0.04320855
-0.02072982
0.004157942
0.02851804
0.04948312
0.06459091
0.07207608
0.07107292
0.06171449
0.04511457
0.02323431
-0.001348044
-0.02574472
-0.04709543
-0.06289884
-0.07130685
-0.07134092
-0.0630049
-0.04728091
-0.02601733
-0.001710376
0.0227901
0.04461034
0.06118933
0.07058022
0.07167809
0.06434882
0.04944657
0.02871631
0.004589306
-0.02010012
-0.04244617
-0.05981272
-0.07014369
-0.07220642
-0.06573954
-0.05148582
-0.03110949
-0.007001364
0.01800026
0.04093972
0.05909391
0.07029729
0.07319883
0.06742464
0.05362581
0.03340761
0.009144537
-0.01629891
-0.03990803
-0.05887173
-0.07091649
-0.07458275
-0.06940122
-0.0559525
-0.03580502
-0.01133341
0.01456228
0.03880115
0.05848661
0.07115987
0.07525583
0.07061385
0.05768856
0.03767553
0.01313347
-0.01295589
-0.03745409
-0.05741923
-0.0704362
-0.0749765
-0.07071516
-0.05815419
-0.03864041
-0.01458169
0.01115376
0.03553214
0.05568654
0.06924074
0.07460763
0.07121233
0.05945351
0.04067837
0.0171213
-0.00844008
-0.03299877
-0.05366521
-0.0679964
-0.07429965
-0.07186319
-0.06096227
-0.04284403
-0.01965655
0.005863113
0.03070432
0.05193288
0.06700294
0.07411561
0.07254337
0.06243438
0.04485815
0.02194595
-0.003581486
-0.02870498
-0.05044852
-0.06617026
-0.07398234
-0.07317979
-0.0637984
-0.04672669
-0.02409306
0.001398075
0.02672761
0.04889267
0.06521184
0.07373361
0.07364544
0.06491369
0.0483871
0.02612203
0.0007789434
-0.02464025
-0.04712384
-0.06401077
-0.07330716
-0.07392004
-0.06578617
-0.04987841
-0.0280885
-0.003001382
0.02241179
0.04514535
0.06251432
0.07247081
0.07384695
0.06649015
0.05127991
0.030023
0.005236811
-0.02014812
-0.04313367
-0.06100762
-0.07166212
-0.07384366
-0.0673006
-0.05280927
-0.03208155
-0.007564475
0.01784926
0.04116275
0.05962607
0.07106187
0.07412089
0.06844011
0.05468666
0.03447799
0.01019322
-0.0153061
-0.03901621
-0.05814276
-0.07042645
-0.07441379
-0.06962939
-0.05663057
-0.0369431
-0.01288347
0.0127134
0.03682793
0.05661125
0.06972063
0.07459754
0.07065478
0.05834565
0.03911141
0.01521598
-0.01051991
-0.0350535
-0.05547635
-0.06927639
-0.07477566
-0.07160573
-0.06004952
-0.04116447
-0.0173193
0.008633946
0.03361514
0.05464721
0.06902773
0.07496244
0.07241057
0.06149227
0.04282649
0.0189613
-0.007178274
-0.0324552
-0.05381693
-0.06852445
-0.07477143
-0.07242326
-0.06167212
-0.04328854
-0.01976819
0.006012928
0.03098996
0.05220772
0.06716134
0.07410677
0.0722995
0.06197849
0.04435293
0.02154761
-0.00372938
-0.02849566
-0.04983912
-0.06525738
-0.07295216
-0.07203788
-0.06264111
-0.04588347
-0.0237474
0.001157231
0.02590234
0.04758321
0.06365626
0.07223947
0.0723312
0.06392527
0.04801214
0.02646342
0.001810232
-0.02305465
-0.04521316
-0.0620634
-0.07162641
-0.07277803
-0.06538089
-0.05030081
-0.0293057
-0.004859152
0.02016883
0.04283795
0.0604819
0.07102101
0.07320884
0.06677927
0.05247916
0.03198178
0.007692127
-0.01753509
-0.04073236
-0.05916628
-0.07065842
-0.07384516
-0.06833916
-0.0547762
-0.03474222
-0.01058978
0.01483875
0.03854822
0.05774115
0.07014727
0.0742951
0.06968501
0.05685155
0.03730222
0.0133401
-0.01220841
-0.03632512
-0.05615751
-0.0693571
-0.07435774
-0.07056078
-0.05840836
-0.03933332
-0.01558967
0.01001464
0.0344504
0.05482454
0.06871385
0.07446735
0.07142978
0.05994844
0.04134864
0.01784226
-0.007788692
-0.03251419
-0.0534113
-0.06795309
-0.07440086
-0.07219936
-0.0615586
-0.04353303
-0.0203494
0.005233961
0.03019963
0.05160133
0.06685471
0.07414014
0.07280923
0.0629659
0.04556183
0.02274719
-0.002767931
-0.0279779
-0.04990868
-0.06588133
-0.07397411
-0.07353865
-0.06453566
-0.04770257
-0.02516141
0.0004057894
0.0259865
0.04855594
0.06525696
0.07403363
0.07446708
0.06631856
0.04989349
0.02742203
0.001621121
-0.02444829
-0.04766505
-0.06496643
-0.07415569
-0.0750647
-0.06737021
-0.0510926
-0.02865271
-0.002842645
0.02325493
0.04653044
0.06405988
0.0737241
0.07501081
0.06765473
0.05197016
0.03013156
0.004805763
-0.02100435
-0.04424683
-0.06218429
-0.07271773
-0.07462896
-0.06772125
-0.05283941
-0.03176302
-0.006995171
0.01853557
0.04181973
0.06012147
0.07130107
0.07406152
0.06809878
0.05413419
0.03382836
0.009583606
-0.01574325
-0.03917489
-0.05796108
-0.06990186
-0.07360501
-0.06864782
-0.05562445
-0.03607449
-0.01230259
0.01289373
0.03655258
0.05589287
0.06864005
0.07329603
0.06931359
0.05715822
0.03825649
0.01483027
-0.01036532
-0.03436444
-0.05433824
-0.06792782
-0.07352056
-0.0704423
-0.05904019
-0.04064406
-0.01741121
0.007927313
0.03238521
0.05307236
0.06753638
0.07405356
0.07183474
0.06112285
0.04316586
0.02007161
-0.005437789
-0.03034969
-0.05171487
-0.06693286
-0.074169
-0.07278418
-0.06287386
-0.04537612
-0.02246462
0.003127296
0.0283693
0.05026855
0.066133
0.07404603
0.07340357
0.06419907
0.04719411
0.02456515
-0.0009696421
-0.02638563
-0.04867098
-0.06511573
-0.07375075
-0.07381581
-0.06524965
-0.04882471
-0.0266135
-0.001274645
0.02419559
0.04678863
0.06382768
0.07330374
0.07414816
0.06626267
0.05054722
0.02888086
0.003825201
-0.02166947
-0.04460509
-0.06228686
-0.07264028
-0.07445252
-0.06751312
-0.05263751
-0.03156995
-0.006780782
0.01882329
0.04223693
0.06070754
0.07205741
0.07493662
0.06898559
0.05487971
0.03425323
0.009514883
-0.01642967
-0.040516
-0.05987769
-0.0720616
-0.07552204
-0.07023586
-0.05672203
-0.03618022
-0.0112766
0.01496404
0.03941026
0.05914681
0.0716856
0.07550028
0.07068005
0.05769677
0.0376094
0.01307288
-0.01293329
-0.03732071
-0.05720026
-0.07021481
-0.07483878
-0.07059763
-0.05801377
-0.03856382
-0.01459731
0.01102579
0.03526644
0.05525879
0.06864725
0.07386584
0.07031946
0.05845165
0.03968612
0.01625622
-0.009059997
-0.03327055
-0.05352039
-0.06742795
-0.07336393
-0.07063881
-0.05958356
-0.04150944
-0.01855015
0.006589077
0.03095124
0.05167338
0.06631946
0.07316767
0.07141212
0.06125618
0.04388824
0.0213438
-0.003731089
-0.02839356
-0.04974522
-0.06526936
-0.07313097
-0.07239155
-0.06312121
-0.04639389
-0.02416287
0.0009642979
0.02603292
0.04808566
0.06450961
0.07334933
0.07353915
0.06503051
0.04880375
0.02675745
0.001486362
-0.02402532
-0.04675277
-0.06392201
-0.07345795
-0.07446075
-0.06672817
-0.05091313
-0.02899904
-0.00360594
0.02225201
0.0454964
0.06325511
0.07337172
0.07500028
0.06785202
0.05241628
0.0307059
0.005345437
-0.02064453
-0.04416515
-0.06235948
-0.07304467
-0.07514885
-0.06838676
-0.05338799
-0.03204264
-0.006921718
0.01898161
0.04258763
0.06109687
0.07232591
0.07496306
0.06872126
0.05436524
0.03361686
0.00894875
-0.01671411
-0.0403441
-0.05916582
-0.07097948
-0.07441913
-0.06910858
-0.05569934
-0.03578949
-0.01173127
0.01364784
0.03737611
0.05668306
0.06932006
0.07381991
0.06966407
0.05734222
0.03829282
0.01473711
-0.01057802
-0.03469686
-0.05479259
-0.0684938
-0.0741533
-0.07104459
-0.05948515
-0.04082435
-0.0172731
0.008368148
0.03304824
0.05382876
0.06819251
0.07441478
0.07189963
0.06091045
0.04261137
0.01924415
-0.00640127
-0.03128286
-0.05244936
-0.06735171
-0.07421019
-0.0723514
-0.06196134
-0.04413189
-0.02103876
0.004570173
0.0296653
0.05127577
0.06674431
0.07420152
0.07310796
0.06349809
0.0461566
0.02329121
-0.002367764
-0.02779569
-0.04998766
-0.06613529
-0.07426252
-0.0740682
-0.06540469
-0.04863517
-0.02604864
-0.000373528
0.02536738
0.04813435
0.06504302
0.07403036
0.07474781
0.06694034
0.05083803
0.02868417
0.003171904
-0.02268519
-0.04582993
-0.06343672
-0.07339801
-0.07487974
-0.06764077
-0.05222828
-0.03064106
-0.005482244
0.02026341
0.04354431
0.06160565
0.07231841
0.07443114
0.06771534
0.05298915
0.03201914
0.007309611
-0.01820047
-0.04148583
-0.05979188
-0.07096148
-0.07368983
-0.06767687
-0.05365711
-0.03331125
-0.009064706
0.01620243
0.0394987
0.05807383
0.06974194
0.07313915
0.06788149
0.05460899
0.03490591
0.01111131
-0.0139588
-0.03734642
-0.05629809
-0.06858759
-0.07277903
-0.06839332
-0.05596144
-0.03695947
-0.01363328
0.01126818
0.03481752
0.05425196
0.06729612
0.07242981
0.06906293
0.05760364
0.03940886
0.01662089
-0.00808482
-0.03181368
-0.0517904
-0.06568217
-0.07187203
-0.0696459
-0.05927389
-0.04197576
-0.01977864
0.004720122
0.02865864
0.04924058
0.0640594
0.07137982
0.07033826
0.06104268
0.04456155
0.0228028
-0.001707515
-0.0261171
-0.04757188
-0.06354476
-0.07213066
-0.07226095
-0.06383115
-0.04775221
-0.02587783
-0.0007831016
0.02454939
0.04708758
0.0640721
0.07342459
0.07414114
0.06606184
0.04997402
0.02785404
0.002352586
-0.02348268
-0.04655516
-0.06397083
-0.07359274
-0.07470947
-0.06707401
-0.05116077
-0.02908558
-0.003535621
0.02243465
0.04572004
0.06343304
0.07342935
0.07491768
0.06763954
0.05209871
0.03034736
0.005024577
-0.02085437
-0.04421386
-0.06228002
-0.07292248
-0.07492954
-0.06808154
-0.05318675
-0.03204285
-0.00716858
0.01849259
0.04191551
0.06034845
0.07163789
0.07447787
0.06855916
0.05460092
0.03426178
0.009942078
-0.01549967
-0.03908138
-0.05804503
-0.07017773
-0.07407048
-0.06927847
-0.05636974
-0.03686034
-0.0130369
0.01231193
0.03621956
0.05588515
0.06900085
0.07402338
0.07035314
0.05840755
0.03957465
0.01605408
-0.009398894
-0.03379545
-0.05426046
-0.06835595
-0.074396
-0.07169713
-0.06053756
-0.04215654
-0.01873088
0.006975889
0.03192745
0.05316443
0.0680073
0.07462659
0.07275711
0.06246628
0.04442716
0.02102498
-0.00491423
-0.03031286
-0.05214672
-0.06758634
-0.07471127
-0.07349728
-0.0638879
-0.04622087
-0.02299527
0.002938207
0.0284959
0.05063559
0.06656052
0.07433245
0.07366728
0.06452083
0.04740385
0.02466999
-0.0008987787
-0.02626263
-0.04841481
-0.0647417
-0.07333606
-0.07321832
-0.06444398
-0.04809307
-0.02613652
-0.001194403
0.02377799
0.0458383
0.06240329
0.07154953
0.0722338
0.06441029
0.04902634
0.02790655
0.003537884
-0.02122736
-0.04350143
-0.06069123
-0.07079815
-0.0726445
-0.06599449
-0.05157554
-0.03102449
-0.006725543
0.01847105
0.04158893
0.05987844
0.07114857
0.07403335
0.06815607
0.05418028
0.03373722
0.009235222
-0.01642677
-0.04020385
-0.05926567
-0.07133316
-0.07495546
-0.0696841
-0.05612683
-0.03587963
-0.01133768
0.01459034
0.03882729
0.05849354
0.07115243
0.0752624
0.07068479
0.05787085
0.03798991
0.01356459
-0.01247557
-0.03704746
-0.05723966
-0.0705103
-0.07523879
-0.0714215
-0.05938132
-0.04000971
-0.01586702
0.01013124
0.03491029
0.05553876
0.06944489
0.07494304
0.07188395
0.06052285
0.0417359
0.01798918
-0.007850492
-0.0327249
-0.05368833
-0.06818922
-0.07449348
-0.07212963
-0.06132619
-0.04311823
-0.01979991
0.005831828
0.03073668
0.05196152
0.06698897
0.07404172
0.07230555
0.061993
0.04432455
0.02141128
-0.004020528
-0.02895076
-0.05042252
-0.06589048
-0.07352328
-0.07242177
-0.06272552
-0.04559149
-0.02305854
0.002194961
0.02717278
0.04891407
0.06484302
0.07307497
0.07264116
0.06360055
0.04703182
0.02490457
-0.0001547331
-0.02517508
-0.04719486
-0.06360961
-0.07248242
-0.07277281
-0.06445739
-0.04853255
-0.02689452
-0.002112072
0.02287897
0.04512329
0.06199634
0.07151385
0.07256524
0.06504558
0.04986354
0.02883075
0.004446879
-0.0204002
-0.04277535
-0.0600433
-0.07018076
-0.07201087
-0.06534074
-0.05098067
-0.03064538
-0.006747289
0.01789184
0.04037011
0.05804946
0.06886458
0.07156131
0.06584119
0.05239087
0.03279835
0.009365169
-0.01516703
-0.03793722
-0.05629539
-0.06810859
-0.07200599
-0.06753259
-0.05518982
-0.03636651
-0.01320133
0.01163202
0.03523254
0.05481501
0.06804071
0.07330211
0.0699216
0.05824056
0.03959049
0.01614525
-0.009332439
-0.03381988
-0.05439066
-0.06852593
-0.07449009
-0.07167879
-0.06035445
-0.04169345
-0.01797187
0.007971596
0.03303655
0.05421755
0.06878067
0.07490446
0.07253234
0.06177283
0.04323477
0.01945916
-0.006642002
-0.03195224
-0.05344625
-0.06835646
-0.07484336
-0.07289334
-0.06257645
-0.04441416
-0.02094136
0.00496111
0.03021212
0.05181345
0.06711607
0.07429391
0.07287717
0.06298163
0.04546721
0.0225995
-0.002863414
-0.02790854
-0.04958186
-0.06533795
-0.07334071
-0.07267272
-0.06343832
-0.04674877
-0.02458754
0.0004269796
0.0253503
0.04725391
0.06356915
0.07238719
0.07267886
0.0644137
0.04856278
0.02698616
0.002215373
-0.02284372
-0.04524737
-0.06235703
-0.07215072
-0.07345989
-0.06610721
-0.05093304
-0.02970182
-0.004896632
0.02057047
0.04369624
0.06173879
0.0725453
0.07480727
0.06822021
0.05352825
0.03243861
0.007425829
-0.01855813
-0.04243216
-0.06128173
-0.07270976
-0.07554889
-0.06979894
-0.05576797
-0.03481065
-0.009635651
0.01672506
0.04113534
0.06058608
0.07249488
0.07571015
0.07058992
0.05720793
0.03652511
0.01144142
-0.014966
-0.03955256
-0.05938906
-0.0719371
-0.07565748
-0.07080445
-0.05782485
-0.03763992
-0.01299534
0.01309487
0.03753155
0.05742244
0.07039625
0.07494096
0.07069365
0.05817506
0.03878402
0.01490605
-0.01061042
-0.03476158
-0.05472851
-0.06820574
-0.07366512
-0.0705268
-0.05921612
-0.04109163
-0.01826645
0.006625417
0.03070856
0.0511921
0.06569435
0.07252117
0.07086632
0.06091137
0.04380758
0.02154583
-0.003272618
-0.02773877
-0.04897582
-0.06447643
-0.07240173
-0.07179907
-0.06271891
-0.04621351
-0.02421379
0.0006948248
0.02557586
0.04748788
0.06383312
0.07266735
0.07292984
0.06457331
0.04857057
0.02680096
0.001831381
-0.02338906
-0.04587794
-0.06297221
-0.07264398
-0.0737426
-0.06613225
-0.05070726
-0.02928782
-0.004404607
0.02100083
0.04392413
0.06165499
0.07209679
0.07401608
0.06718842
0.05242437
0.03147436
0.006820082
-0.01861904
-0.04183273
-0.06007518
-0.07119006
-0.07386576
-0.06779162
-0.05369445
-0.03325021
-0.008885317
0.01650979
0.03992441
0.05858412
0.07027766
0.07362183
0.06822462
0.05472905
0.03473895
0.01062856
-0.01473912
-0.03835352
-0.05741267
-0.06965234
-0.07361756
-0.06883615
-0.05587299
-0.03626258
-0.0123291
0.01308872
0.03697577
0.05649739
0.06933285
0.07395317
0.06980404
0.05736767
0.03810995
0.01430805
-0.01122124
-0.03545528
-0.05552182
-0.06903812
-0.07439646
-0.07095495
-0.05911178
-0.04026194
-0.01663139
0.008986403
0.03356022
0.05418175
0.06837547
0.07444692
0.07179767
0.06071024
0.04237745
0.0190282
-0.006561202
-0.0313632
-0.05244308
-0.06729045
-0.07414662
-0.07226758
-0.06186928
-0.04413314
-0.02119713
0.004211256
0.02908212
0.05047349
0.06586149
0.07343843
0.07232517
0.06267379
0.04564635
0.02327409
-0.001787994
-0.02657735
-0.04817506
-0.06405158
-0.07236397
-0.07216964
-0.06353213
-0.04750563
-0.02599641
-0.001518469
0.02309631
0.04500029
0.06164756
0.07109117
0.07221112
0.06484945
0.04983886
0.02891056
0.004498329
-0.02053951
-0.04325282
-0.06094592
-0.07149818
-0.07362205
-0.06702156
-0.05243327
-0.03154959
-0.006823869
0.01881951
0.04233052
0.06089672
0.07228275
0.07510308
0.06899117
0.05465071
0.03377277
0.008836566
-0.01718442
-0.04118199
-0.06028722
-0.07216681
-0.07538365
-0.06972472
-0.05583183
-0.03520843
-0.01040792
0.01558417
0.03966508
0.05896616
0.071197
0.07492016
0.0697175
0.05623664
0.03610921
0.01175032
-0.01393158
-0.03788531
-0.05727986
-0.06983498
-0.07409151
-0.06957752
-0.05685592
-0.03745415
-0.01367928
0.01165991
0.03558533
0.05529564
0.06849317
0.07365168
0.0701872
0.05852079
0.0400277
0.01687306
-0.008240985
-0.03239213
-0.05277493
-0.06702334
-0.07348445
-0.07140703
-0.0610305
-0.04355641
-0.02100734
0.004002731
0.0285706
0.04984054
0.06533279
0.07323223
0.07260327
0.06349997
0.04696404
0.02491087
-9.239829E-05
-0.02512462
-0.04724705
-0.06384937
-0.07295996
-0.07348086
-0.06532077
-0.04941454
-0.0276204
-0.002502938
0.02296777
0.04576339
0.06315808
0.07305916
0.0742593
0.06658406
0.05092029
0.0291169
0.003767953
-0.02209934
-0.04538306
-0.06318752
-0.07332843
-0.07490292
-0.0676196
-0.05200657
-0.03008271
-0.00450515
0.02166115
0.04527314
0.06331623
0.07353482
0.07533538
0.06844587
0.05304677
0.03119959
0.005638319
-0.02056819
-0.044287
-0.06257934
-0.07322013
-0.0753787
-0.06882674
-0.05396885
-0.03273319
-0.007759886
0.01798321
0.04148581
0.06001854
0.07143861
0.07443607
0.06868258
0.05486833
0.03462416
0.01032878
-0.01516687
-0.03887071
-0.05799918
-0.07030224
-0.07432767
-0.06959563
-0.05665374
-0.03701656
-0.01299045
0.0125977
0.03673342
0.05656702
0.0697466
0.0747045
0.07085586
0.05864066
0.03947901
0.01563293
-0.01008141
-0.03462606
-0.05509731
-0.06900398
-0.07467373
-0.07167109
-0.06028844
-0.04163438
-0.01802819
0.0077129
0.0325441
0.05352579
0.06809164
0.07448909
0.07225535
0.06158349
0.04345094
0.02014608
-0.005541016
-0.03057016
-0.05197651
-0.06714644
-0.07425759
-0.07275657
-0.06275261
-0.04515292
-0.0221804
0.003415471
0.0286061
0.0504088
0.06617148
0.0740063
0.07324865
0.06392831
0.04689885
0.02430227
-0.001158783
-0.02647235
-0.04864491
-0.06501848
-0.07364731
-0.07364807
-0.06499563
-0.04859158
-0.02644551
-0.001194364
0.02417515
0.04666216
0.0636088
0.07301634
0.07377946
0.06581593
0.05007572
0.02842757
0.003437523
-0.02193579
-0.04469119
-0.0621378
-0.07221474
-0.07373426
-0.06651979
-0.05142795
-0.0302467
-0.005483526
0.0199315
0.04299038
0.06096209
0.07171752
0.07397944
0.06747326
0.0529618
0.03215643
0.007513164
-0.01805731
-0.04152918
-0.06011995
-0.07162192
-0.07466225
-0.06886709
-0.05490636
-0.03441763
-0.009815478
0.0159958
0.03996442
0.05925
0.07150613
0.07525394
0.07024862
0.05702231
0.03693047
0.01244731
-0.01350908
-0.03786663
-0.05774027
-0.07068545
-0.07514557
-0.07094898
-0.05853133
-0.03905663
-0.01502356
0.01066387
0.03497115
0.05506127
0.06861231
0.07407046
0.07082381
0.05927136
0.04077348
0.01749568
-0.007839458
-0.0322688
-0.05293027
-0.06739393
-0.07395072
-0.07181187
-0.06120509
-0.04335315
-0.02033649
0.005146746
0.03009696
0.05156544
0.06690382
0.07424192
0.07303954
0.06332349
0.04586982
0.02289483
-0.002852423
-0.0283214
-0.05048248
-0.06649549
-0.07437516
-0.07388357
-0.06489255
-0.04776423
-0.02487075
0.000992259
0.02674722
0.04932182
0.0658248
0.07422318
0.07424983
0.0657348
0.04899427
0.0263812
0.0006725463
-0.02506853
-0.04777484
-0.06465703
-0.07369035
-0.07415903
-0.06595344
-0.04975028
-0.0276607
-0.002362186
0.02313322
0.04579975
0.06295981
0.0726004
0.07360727
0.06589359
0.05040561
0.02900337
0.004237601
-0.02095575
-0.04360228
-0.06103785
-0.07122359
-0.07298092
-0.06612726
-0.05149155
-0.03081462
-0.006541911
0.01846718
0.04127347
0.05920166
0.0701543
0.07285326
0.06698912
0.05325735
0.0332727
0.009381181
-0.0156133
-0.03877917
-0.05739902
-0.06928627
-0.07304151
-0.0682174
-0.05537374
-0.03601107
-0.01239675
0.01269798
0.03632384
0.05569863
0.06853429
0.07330733
0.06944006
0.05737203
0.0385109
0.0150697
-0.01019179
-0.03429308
-0.05438235
-0.06807251
-0.07372752
-0.07065826
-0.05920713
-0.04071204
-0.01734905
0.008122194
0.03268419
0.05342007
0.06785307
0.07425254
0.07186323
0.06094927
0.04277291
0.01949551
-0.006116002
-0.03101523
-0.05223582
-0.06721571
-0.07415772
-0.07234776
-0.0619816
-0.0442015
-0.0212022
0.004237072
0.02905906
0.05029844
0.06545661
0.07278794
0.0714789
0.06173167
0.04473471
0.02251745
-0.002290618
-0.02676986
-0.04804747
-0.06363233
-0.07170527
-0.07132699
-0.06254949
-0.04640876
-0.02480233
-0.0002690909
0.02430625
0.04603002
0.06233948
0.07130475
0.07185611
0.06391326
0.0483968
0.02712343
0.002595049
-0.02229563
-0.04460359
-0.0616802
-0.07148877
-0.07284601
-0.06556785
-0.05049356
-0.02938868
-0.004740701
0.02053662
0.04344743
0.06126818
0.07187349
0.07398853
0.06734526
0.05271519
0.03181911
0.007124045
-0.01844949
-0.04187238
-0.06036908
-0.07174629
-0.07465193
-0.06873952
-0.05470859
-0.03421984
-0.009696841
0.01595931
0.03971518
0.05876522
0.07086193
0.0745827
0.06949699
0.05621507
0.03631425
0.01215117
-0.01341751
-0.03737414
-0.05689658
-0.06968706
-0.07424463
-0.07004187
-0.05758303
-0.03834347
-0.01459607
0.01085916
0.0350265
0.0550634
0.06861329
0.07408494
0.07083824
0.05925726
0.040704
0.01736097
-0.008028125
-0.03248076
-0.05312346
-0.06752889
-0.0740012
-0.07177658
-0.06111265
-0.04325837
-0.02030831
0.005042532
0.02981447
0.0510925
0.0663697
0.07384109
0.07261746
0.06283325
0.04563003
0.02302615
-0.002319971
-0.02742436
-0.04932379
-0.06539631
-0.07372367
-0.07341892
-0.06447484
-0.04782324
-0.02547072
-6.048669E-05
0.0254077
0.04791764
0.06469735
0.07371383
0.07424024
0.0661079
0.04991433
0.02773694
0.002234224
-0.02356932
-0.04660072
-0.06398603
-0.07359996
-0.07473461
-0.06713453
-0.05125905
-0.02921844
-0.003702434
0.02222096
0.04542273
0.06309277
0.07312679
0.074417
0.06684694
0.05131776
0.02973501
0.00468898
-0.02084202
-0.04383715
-0.06158808
-0.07201792
-0.07391942
-0.06709197
-0.05236369
-0.03148925
-0.006940003
0.01838782
0.04151111
0.05971059
0.07084946
0.07362401
0.06771685
0.05383065
0.03360549
0.009428373
-0.01584869
-0.03924622
-0.05800759
-0.06991943
-0.07357568
-0.06854562
-0.0554218
-0.03575196
-0.01185788
0.01343964
0.03715313
0.05648087
0.06913815
0.07362786
0.06941756
0.05700332
0.03785145
0.01422648
-0.01107878
-0.03507368
-0.05492118
-0.0682741
-0.07355448
-0.07014007
-0.05843653
-0.03983005
-0.01652249
0.008728325
0.03293653
0.05324159
0.06724603
0.07329776
0.07068571
0.05972512
0.04171764
0.01879589
-0.006328803
-0.03068797
-0.05140634
-0.0660388
-0.07286156
-0.07107638
-0.06090065
-0.04354035
-0.02104933
0.003914009
0.0284036
0.04953109
0.06480575
0.07242916
0.07150441
0.06214255
0.04545017
0.02339713
-0.001417627
-0.02607257
-0.04766412
-0.06364824
-0.07214326
-0.072148
-0.06366012
-0.04767704
-0.02607766
-0.001400951
0.02345317
0.04556157
0.06232264
0.07176247
0.07276729
0.06521488
0.04998783
0.02887155
0.004346259
-0.02070558
-0.04333736
-0.06088232
-0.07126793
-0.07326216
-0.06661847
-0.05210526
-0.03141896
-0.006988166
0.01831398
0.0415055
0.05984339
0.07114859
0.0740651
0.06822347
0.05428747
0.03387859
0.009391103
-0.01628677
-0.04011429
-0.05925521
-0.07140984
-0.07510104
-0.06987178
-0.05630329
-0.03596273
-0.01126555
0.01484265
0.03922965
0.05894421
0.07149377
0.07532971
0.0703468
0.05708879
0.03683823
0.01219418
-0.01385609
-0.03820772
-0.05796889
-0.07075539
-0.07505199
-0.07054637
-0.05775452
-0.03804516
-0.01385302
0.01192913
0.03624712
0.05622581
0.06950945
0.07453902
0.07073247
0.05855357
0.03945546
0.01570493
-0.00988513
-0.03428896
-0.05462344
-0.06848745
-0.0742484
-0.07123182
-0.05979901
-0.04130526
-0.01793928
0.007536742
0.03211474
0.05289235
0.06741603
0.07397356
0.07179402
0.06113835
0.04326763
0.02029427
-0.00506659
-0.02982014
-0.05104317
-0.06622909
-0.07358699
-0.07224909
-0.06237555
-0.04513431
-0.02256196
0.002674427
0.02759542
0.04926095
0.06511343
0.07328184
0.07280429
0.0637406
0.04716326
0.02503154
-4.156683E-05
-0.02509836
-0.04718269
-0.06369001
-0.07267718
-0.07309103
-0.06488923
-0.04904659
-0.02744094
-0.002627925
0.02246154
0.04486646
0.06194556
0.07168753
0.07295047
0.06559577
0.05050086
0.02945659
0.004955248
-0.02010762
-0.04277352
-0.0603689
-0.07082278
-0.07290932
-0.06639054
-0.05204293
-0.03156662
-0.007382893
0.01765654
0.0406022
0.05875249
0.06997485
0.07295434
0.06734717
0.05382025
0.03397177
0.01014138
-0.01486695
-0.03811475
-0.05687011
-0.06892961
-0.07287949
-0.06825643
-0.05560143
-0.03639892
-0.01290173
0.01213375
0.03577045
0.0552316
0.0682254
0.07321337
0.06959264
0.05776862
0.03910891
0.01578578
-0.009474474
-0.033708
-0.05405857
-0.06811166
-0.07418106
-0.07151102
-0.06036992
-0.04202573
-0.01860772
0.00713719
0.03216649
0.05349347
0.06834222
0.07481658
0.07282062
0.06240595
0.04411497
0.02047763
-0.00560993
-0.03104012
-0.05278157
-0.06801025
-0.07484233
-0.07334911
-0.06351214
-0.04566511
-0.02235122
0.003569225
0.02902545
0.05099974
0.06674013
0.0743425
0.07348979
0.06416224
0.04692812
0.02411086
-0.001523059
-0.02694064
-0.04913617
-0.0654138
-0.07383402
-0.07368862
-0.06494286
-0.04837966
-0.0260987
-0.0007689992
0.0246132
0.04704875
0.06389125
0.07315919
0.07376902
0.06566171
0.04980687
0.02808976
0.003085779
-0.02224733
-0.0449146
-0.06223746
-0.07217351
-0.07355486
-0.0662241
-0.0510534
-0.02984247
-0.005103939
0.02023421
0.04317325
0.06099799
0.0715974
0.07371394
0.06709419
0.05251897
0.03171028
0.007127909
-0.01832063
-0.04162294
-0.06001696
-0.07132113
-0.07419111
-0.06828035
-0.05428298
-0.03385097
-0.009399785
0.01617654
0.0398507
0.05881954
0.07083467
0.07447162
0.06930038
0.05593401
0.03595636
0.01173639
-0.01385437
-0.03778641
-0.05722894
-0.06988361
-0.07426006
-0.06985191
-0.0571953
-0.03780203
-0.01397871
0.01144608
0.03546184
0.0552333
0.06843355
0.07351802
0.06990796
0.05805486
0.03938181
0.01611306
-0.008991938
-0.03296645
-0.05298744
-0.06670798
-0.07253132
-0.06979433
-0.05884429
-0.04099215
-0.0183545
0.006396902
0.03035193
0.05070236
0.06506857
0.07177688
0.07005271
0.06010849
0.04311548
0.02106668
-0.003456877
-0.02758806
-0.04850436
-0.06375495
-0.07154677
-0.07095046
-0.06201284
-0.04575276
-0.0240466
0.0005825175
0.02525833
0.04708039
0.06345588
0.07240171
0.07278534
0.06449804
0.04849106
0.0266525
0.00157703
-0.02375
-0.04630936
-0.06340706
-0.07300001
-0.07393897
-0.06610639
-0.05043031
-0.02877291
-0.003709232
0.02178352
0.04467822
0.06225608
0.07243255
0.07400358
0.06678908
0.05165109
0.03039204
0.005539601
-0.01995602
-0.04306986
-0.06106234
-0.0718037
-0.07402466
-0.06746808
-0.05291487
-0.0320916
-0.00746621
0.01804762
0.0414327
0.05992417
0.07133867
0.0743298
0.06854536
0.05466829
0.03433625
0.009946259
-0.0156283
-0.03937524
-0.05849756
-0.07074249
-0.07466631
-0.06980422
-0.05672549
-0.03696578
-0.01284707
0.01279445
0.03694234
0.05675432
0.06987996
0.07476309
0.07087198
0.05864457
0.03946501
0.01561316
-0.01009678
-0.03463183
-0.05509146
-0.06899097
-0.07465689
-0.07162863
-0.06019855
-0.04149349
-0.01782695
0.007976884
0.03285752
0.05385672
0.06836509
0.07461093
0.07222775
0.06139449
0.0430133
0.01945179
-0.006445963
-0.03159508
-0.05299143
-0.06793572
-0.07459164
-0.07267848
-0.06229821
-0.04418531
-0.02075007
0.005155941
0.03044264
0.05208969
0.06737933
0.07444928
0.07296931
0.06300911
0.04528381
0.02215734
-0.003557352
-0.02880067
-0.05057508
-0.06625474
-0.073983
-0.0730624
-0.06358906
-0.04653267
-0.02402924
0.001223333
0.02623823
0.04807159
0.06416906
0.07266632
0.07260276
0.06402615
0.04798092
0.02637978
0.001773031
-0.02295336
-0.04491375
-0.06155615
-0.0709587
-0.07204592
-0.06470972
-0.04981684
-0.02910532
-0.004984218
0.01974703
0.04221695
0.05980883
0.07046155
0.07289661
0.06676628
0.05273189
0.03241541
0.008198222
-0.01706512
-0.04038753
-0.05900536
-0.07070388
-0.07408512
-0.06873549
-0.05527198
-0.03527405
-0.01109644
0.01441062
0.0382369
0.05756932
0.07012237
0.07440842
0.06991525
0.05716732
0.03766331
0.01370047
-0.01189536
-0.03610598
-0.05607262
-0.06943354
-0.07460561
-0.07097084
-0.0589488
-0.03995004
-0.01621045
0.00947147
0.03406522
0.05466492
0.06875581
0.07464012
0.07189338
0.06076128
0.04227474
0.01874374
-0.007027543
-0.03199926
-0.05321829
-0.06802773
-0.07462257
-0.07274025
-0.06247107
-0.04451374
-0.02123546
0.004558984
0.02982038
0.05155813
0.06704778
0.07440361
0.0733045
0.06375064
0.04634183
0.02340603
-0.002278927
-0.02766917
-0.04975158
-0.06582294
-0.07395145
-0.07348654
-0.06441899
-0.04753671
-0.0250018
0.0004687901
0.02584597
0.04811108
0.06461682
0.07340445
0.07343639
0.06471936
0.04830001
0.02614178
0.000890322
-0.02444509
-0.04684745
-0.06364948
-0.07285474
-0.07337252
-0.06514607
-0.04916123
-0.02732514
-0.002239154
0.02311149
0.04571239
0.06287686
0.07256851
0.07364033
0.06596961
0.05047291
0.02899477
0.004087681
-0.02129466
-0.04414553
-0.06176127
-0.07206287
-0.07384172
-0.0669006
-0.05207309
-0.03112473
-0.00654004
0.01877469
0.04183307
0.05992135
0.0709211
0.07355434
0.06753091
0.0535806
0.03336318
0.00926943
-0.01586156
-0.03907858
-0.057663
-0.06944464
-0.07305508
-0.06808352
-0.05512241
-0.0356934
-0.01207013
0.01298719
0.03655582
0.05588545
0.06871395
0.07352971
0.06973649
0.05771687
0.03882236
0.01524904
-0.01022694
-0.03458463
-0.05491804
-0.06877665
-0.07448096
-0.07135945
-0.05975031
-0.04098543
-0.01731081
0.008447867
0.03321424
0.05402576
0.06834855
0.07445287
0.07175953
0.06055723
0.04204341
0.01850996
-0.007207721
-0.03203338
-0.05300213
-0.06761561
-0.07414119
-0.07181681
-0.06094233
-0.04283727
-0.01967835
0.005762885
0.03045393
0.05146316
0.06630816
0.07325
0.07149515
0.06128374
0.04385621
0.02130063
-0.003699113
-0.02818464
-0.04927301
-0.06449362
-0.07207709
-0.07115957
-0.06187918
-0.04535256
-0.02354074
0.0009835876
0.02534165
0.04668265
0.06251491
0.07099755
0.07114933
0.06296287
0.04740226
0.02628937
0.002093641
-0.02235739
-0.04420479
-0.06088988
-0.07045198
-0.07175815
-0.06463762
-0.04990306
-0.02926027
-0.005113349
0.01971313
0.04230293
0.05998807
0.07066292
0.07303613
0.06678773
0.0526122
0.03214521
0.007776694
-0.01762647
-0.04105898
-0.05973018
-0.07139567
-0.07463172
-0.06901193
-0.05516239
-0.03469281
-0.0100138
0.015948
0.04010112
0.05955568
0.07185589
0.07547358
0.07038213
0.05706889
0.03669542
0.01189059
-0.0143413
-0.03886806
-0.05875834
-0.07148299
-0.07547759
-0.07084506
-0.05802069
-0.03800531
-0.01347571
0.01257117
0.03702955
0.05699232
0.0700925
0.07480121
0.07063211
0.05812054
0.03876934
0.01492813
-0.01054975
-0.03464147
-0.05450852
-0.06783246
-0.07308551
-0.06970137
-0.05813155
-0.03978194
-0.01684062
0.007985905
0.03179403
0.0518196
0.0657548
0.07201131
0.0698937
0.05966089
0.04248109
0.02032198
-0.004247885
-0.02836254
-0.04919635
-0.06429481
-0.07186988
-0.07101186
-0.06180049
-0.0453013
-0.02344223
0.001210535
0.02575564
0.04729614
0.06328311
0.07181942
0.07188287
0.06345264
0.04751297
0.02593715
0.00126813
-0.0235824
-0.04567678
-0.06239868
-0.07176517
-0.07266054
-0.06497025
-0.049596
-0.02834995
-0.003739012
0.02133131
0.04389782
0.06129044
0.07145017
0.07317294
0.06625241
0.05150295
0.03066476
0.006200697
-0.01899785
-0.0419532
-0.05994916
-0.07085492
-0.07337956
-0.06722311
-0.05311247
-0.03271664
-0.008448981
0.01681771
0.04009194
0.05861679
0.07019524
0.07345209
0.06799915
0.05447917
0.03449114
0.01040426
-0.01492647
-0.038498
-0.05751167
-0.06970616
-0.0736284
-0.06880639
-0.05580524
-0.03616122
-0.01220158
0.01323284
0.03712441
0.05663394
0.06943861
0.07400956
0.06979398
0.0572819
0.03794895
0.01408224
-0.01149034
-0.03573506
-0.05577333
-0.06922115
-0.07447429
-0.07090048
-0.05891373
-0.03992792
-0.01618881
0.009492454
0.03407276
0.05463666
0.06869447
0.07456032
0.07171668
0.06045557
0.04193579
0.01843934
-0.007230894
-0.03203493
-0.05303535
-0.06770647
-0.07430196
-0.07219667
-0.06161627
-0.04368274
-0.02060054
0.004872721
0.02971933
0.05100039
0.06620432
0.07354843
0.07218405
0.06229508
0.045075
0.02258041
-0.002516348
-0.02724681
-0.04869658
-0.06434844
-0.0723792
-0.07187056
-0.06291164
-0.04658397
-0.02482673
-0.0002061659
0.02439035
0.04609447
0.06238755
0.07139284
0.07208922
0.06442161
0.04929053
0.02843125
0.00423288
-0.02051164
-0.04292512
-0.06038035
-0.07081232
-0.0729659
-0.06655045
-0.05228133
-0.0318027
-0.007502294
0.01776731
0.04102413
0.0595075
0.07100829
0.07413525
0.06848294
0.0546875
0.03435665
0.009881561
-0.01584441
-0.03976948
-0.05904546
-0.07133566
-0.07514851
-0.07012275
-0.05680674
-0.03665372
-0.01209951
0.01393488
0.03835825
0.0582652
0.07113522
0.07538223
0.07104304
0.05849472
0.03868981
0.01423742
-0.01190418
-0.03663403
-0.05701461
-0.07044922
-0.07528489
-0.0716015
-0.05968555
-0.04032502
-0.01613393
0.009946448
0.0348209
0.05553392
0.06948454
0.07497317
0.07188462
0.06046908
0.04157946
0.01771955
-0.008215187
-0.0331433
-0.05410264
-0.06850816
-0.07462223
-0.07207691
-0.06110045
-0.04266714
-0.0191415
0.006639301
0.03161056
0.05280403
0.06764012
0.0743397
0.07234688
0.06184947
0.04387447
0.02067376
-0.004971353
-0.03001769
-0.05149297
-0.0667998
-0.07410943
-0.07274763
-0.06283666
-0.04537457
-0.02252469
0.00298427
0.02813251
0.04994316
0.0658026
0.07382797
0.07319689
0.06396162
0.0471042
0.02468088
-0.000641018
-0.02586749
-0.04801885
-0.06448085
-0.07331508
-0.07348691
-0.06498643
-0.04882861
-0.0269304
-0.001885096
0.02334824
0.04579251
0.0628021
0.07237934
0.0734072
0.06577829
0.05040639
0.02911834
0.004433757
-0.02073481
-0.04342235
-0.06096162
-0.07129983
-0.07323531
-0.06655716
-0.05206872
-0.03148728
-0.007239958
0.01782513
0.04077221
0.05892248
0.07016914
0.07321915
0.06774136
0.05439885
0.03475651
0.01108279
-0.01390274
-0.03731705
-0.0564363
-0.0690135
-0.07354731
-0.06946203
-0.05718581
-0.03811211
-0.01444551
0.01104967
0.03537236
0.05563616
0.06933456
0.07477437
0.07154223
0.05990011
0.04090825
0.01692277
-0.009196618
-0.03434837
-0.05552599
-0.06985652
-0.07549325
-0.07293338
-0.0621625
-0.04327223
-0.01906663
0.007458142
0.03314913
0.05493815
0.06977999
0.07575311
0.07377011
0.0636803
0.04511171
0.02105318
-0.005462619
-0.03128667
-0.05334625
-0.06866096
-0.07530423
-0.07385306
-0.06418834
-0.04618286
-0.02263811
0.003498664
0.02912748
0.05120977
0.06695686
0.07446761
0.07356615
0.06423531
0.04695731
0.02413077
-0.001453416
-0.02676391
-0.04881075
-0.06500067
-0.07344379
-0.07317249
-0.06425034
-0.04776145
-0.02567674
-0.0006195529
0.0244455
0.04656183
0.06312662
0.07219927
0.07272508
0.06465614
0.04895759
0.02749106
0.002794161
-0.02221821
-0.04459643
-0.06170167
-0.07151666
-0.07288346
-0.06563919
-0.05063558
-0.02963979
-0.005128773
0.02000561
0.04279433
0.06053969
0.07113552
0.07331748
0.06681444
0.05238103
0.03171149
0.007241283
-0.01813965
-0.04142683
-0.05985711
-0.07123818
-0.07420793
-0.06839973
-0.05448763
-0.03410793
-0.009667995
0.01593911
0.03967861
0.05873108
0.07082882
0.07452932
0.06938582
0.05600129
0.03595769
0.01163025
-0.01409488
-0.03816712
-0.05773227
-0.07046921
-0.07486943
-0.0704177
-0.05764967
-0.03808849
-0.01406397
0.01156811
0.03576876
0.05567458
0.06893691
0.07400332
0.07029953
0.0582945
0.03943965
0.01598662
-0.009291879
-0.03342934
-0.05359695
-0.06742847
-0.07329948
-0.07051841
-0.05941161
-0.04128855
-0.01828903
0.006867619
0.03120234
0.05182885
0.0662944
0.0728735
0.07077356
0.0602306
0.04248432
0.0196327
-0.005617226
-0.03027244
-0.05140565
-0.06650465
-0.07377131
-0.07233512
-0.06235762
-0.04501281
-0.02234834
0.002959205
0.02792048
0.04958651
0.06539867
0.07348773
0.07290003
0.06370376
0.04698252
0.0247095
-0.0004927964
-0.02565503
