   1160      718        2
     1     13     12      1   1   2
     2      1      2     13   1   2
     3      2      3     13   1   2
     4     14     13      3   1   2
     5     15     14      3   1   2
     6      3      4     15   1   2
     7      4      5     15   1   2
     8     16     15      5   1   2
     9     17     16      5   1   2
    10      5      6     17   1   2
    11      6      7     17   1   2
    12     18     17      7   1   2
    13     19     18      7   1   2
    14      7      8     19   1   2
    15      8      9     19   1   2
    16     20     19      9   1   2
    17     21     20      9   1   2
    18      9     10     21   1   2
    19     10     11     21   1   2
    20     22     21     11   1   2
    21     12     13     23   1   2
    22     24     23     13   1   2
    23     25     24     13   1   2
    24     13     14     25   1   2
    25     14     15     25   1   2
    26     26     25     15   1   2
    27     27     26     15   1   2
    28     15     16     27   1   2
    29     16     17     27   1   2
    30     28     27     17   1   2
    31     29     28     17   1   2
    32     17     18     29   1   2
    33     18     19     29   1   2
    34     30     29     19   1   2
    35     31     30     19   1   2
    36     19     20     31   1   2
    37     20     21     31   1   2
    38     32     31     21   1   2
    39     33     32     21   1   2
    40     21     22     33   1   2
    41     35     34     23   1   2
    42     23     24     35   1   2
    43     24     25     35   1   2
    44     36     35     25   1   2
    45     37     36     25   1   2
    46     25     26     37   1   2
    47     26     27     37   1   2
    48     38     37     27   1   2
    49     39     38     27   1   2
    50     27     28     39   1   2
    51     28     29     39   1   2
    52     40     39     29   1   2
    53     41     40     29   1   2
    54     29     30     41   1   2
    55     30     31     41   1   2
    56     42     41     31   1   2
    57     43     42     31   1   2
    58     31     32     43   1   2
    59     32     33     43   1   2
    60     44     43     33   1   2
    61     57     56     45   1   2
    62     45     46     57   1   2
    63     46     47     57   1   2
    64     58     57     47   1   2
    65     59     58     47   1   2
    66     47     48     59   1   2
    67     48     49     59   1   2
    68     60     59     49   1   2
    69     61     60     49   1   2
    70     49     50     61   1   2
    71     50     51     61   1   2
    72     62     61     51   1   2
    73     63     62     51   1   2
    74     51     52     63   1   2
    75     52     53     63   1   2
    76     64     63     53   1   2
    77     65     64     53   1   2
    78     53     54     65   1   2
    79     54     55     65   1   2
    80     66     65     55   1   2
    81     56     57     67   1   2
    82     68     67     57   1   2
    83     69     68     57   1   2
    84     57     58     69   1   2
    85     58     59     69   1   2
    86     70     69     59   1   2
    87     71     70     59   1   2
    88     59     60     71   1   2
    89     60     61     71   1   2
    90     72     71     61   1   2
    91     73     72     61   1   2
    92     61     62     73   1   2
    93     62     63     73   1   2
    94     74     73     63   1   2
    95     75     74     63   1   2
    96     63     64     75   1   2
    97     64     65     75   1   2
    98     76     75     65   1   2
    99     77     76     65   1   2
   100     65     66     77   1   2
   101     79     78     67   1   2
   102     67     68     79   1   2
   103     68     69     79   1   2
   104     80     79     69   1   2
   105     81     80     69   1   2
   106     69     70     81   1   2
   107     70     71     81   1   2
   108     82     81     71   1   2
   109     83     82     71   1   2
   110     71     72     83   1   2
   111     72     73     83   1   2
   112     84     83     73   1   2
   113     85     84     73   1   2
   114     73     74     85   1   2
   115     74     75     85   1   2
   116     86     85     75   1   2
   117     87     86     75   1   2
   118     75     76     87   1   2
   119     76     77     87   1   2
   120     88     87     77   1   2
   121     94     93     89   1   2
   122     89     90     94   1   2
   123     90     91     94   1   2
   124     95     94     91   1   2
   125     96     95     91   1   2
   126     91     92     96   1   2
   127     93     94     97   1   2
   128     98     97     94   1   2
   129     99     98     94   1   2
   130     94     95     99   1   2
   131     95     96     99   1   2
   132    100     99     96   1   2
   133    102    101     97   1   2
   134     97     98    102   1   2
   135     98     99    102   1   2
   136    103    102     99   1   2
   137    104    103     99   1   2
   138     99    100    104   1   2
   139    101    102    105   1   2
   140    106    105    102   1   2
   141    107    106    102   1   2
   142    102    103    107   1   2
   143    103    104    107   1   2
   144    108    107    104   1   2
   145    110    109    105   1   2
   146    105    106    110   1   2
   147    106    107    110   1   2
   148    111    110    107   1   2
   149    112    111    107   1   2
   150    107    108    112   1   2
   151    109    110    113   1   2
   152    114    113    110   1   2
   153    115    114    110   1   2
   154    110    111    115   1   2
   155    111    112    115   1   2
   156    116    115    112   1   2
   157    118    117    113   1   2
   158    113    114    118   1   2
   159    114    115    118   1   2
   160    119    118    115   1   2
   161    120    119    115   1   2
   162    115    116    120   1   2
   163    117    118    121   1   2
   164    122    121    118   1   2
   165    123    122    118   1   2
   166    118    119    123   1   2
   167    119    120    123   1   2
   168    124    123    120   1   2
   169    126    125    121   1   2
   170    121    122    126   1   2
   171    122    123    126   1   2
   172    127    126    123   1   2
   173    128    127    123   1   2
   174    123    124    128   1   2
   175    125    126    129   1   2
   176    130    129    126   1   2
   177    131    130    126   1   2
   178    126    127    131   1   2
   179    127    128    131   1   2
   180    132    131    128   1   2
   181    134    133    129   1   2
   182    129    130    134   1   2
   183    130    131    134   1   2
   184    135    134    131   1   2
   185    136    135    131   1   2
   186    131    132    136   1   2
   187    133    134    137   1   2
   188    138    137    134   1   2
   189    139    138    134   1   2
   190    134    135    139   1   2
   191    135    136    139   1   2
   192    140    139    136   1   2
   193    142    141    137   1   2
   194    137    138    142   1   2
   195    138    139    142   1   2
   196    143    142    139   1   2
   197    144    143    139   1   2
   198    139    140    144   1   2
   199    141    142    145   1   2
   200    146    145    142   1   2
   201    147    146    142   1   2
   202    142    143    147   1   2
   203    143    144    147   1   2
   204    148    147    144   1   2
   205    150    149    145   1   2
   206    145    146    150   1   2
   207    146    147    150   1   2
   208    151    150    147   1   2
   209    152    151    147   1   2
   210    147    148    152   1   2
   211    149    150    153   1   2
   212    154    153    150   1   2
   213    155    154    150   1   2
   214    150    151    155   1   2
   215    151    152    155   1   2
   216    156    155    152   1   2
   217    158    157    153   1   2
   218    153    154    158   1   2
   219    154    155    158   1   2
   220    159    158    155   1   2
   221    160    159    155   1   2
   222    155    156    160   1   2
   223    157    158    161   1   2
   224    162    161    158   1   2
   225    163    162    158   1   2
   226    158    159    163   1   2
   227    159    160    163   1   2
   228    164    163    160   1   2
   229    166    165    161   1   2
   230    161    162    166   1   2
   231    162    163    166   1   2
   232    167    166    163   1   2
   233    168    167    163   1   2
   234    163    164    168   1   2
   235    165    166    169   1   2
   236    170    169    166   1   2
   237    171    170    166   1   2
   238    166    167    171   1   2
   239    167    168    171   1   2
   240    172    171    168   1   2
   241    178    177    173   1   2
   242    173    174    178   1   2
   243    174    175    178   1   2
   244    179    178    175   1   2
   245    180    179    175   1   2
   246    175    176    180   1   2
   247    177    178    181   1   2
   248    182    181    178   1   2
   249    183    182    178   1   2
   250    178    179    183   1   2
   251    179    180    183   1   2
   252    184    183    180   1   2
   253    186    185    181   1   2
   254    181    182    186   1   2
   255    182    183    186   1   2
   256    187    186    183   1   2
   257    188    187    183   1   2
   258    183    184    188   1   2
   259    185    186    189   1   2
   260    190    189    186   1   2
   261    191    190    186   1   2
   262    186    187    191   1   2
   263    187    188    191   1   2
   264    192    191    188   1   2
   265    194    193    189   1   2
   266    189    190    194   1   2
   267    190    191    194   1   2
   268    195    194    191   1   2
   269    196    195    191   1   2
   270    191    192    196   1   2
   271    193    194    197   1   2
   272    198    197    194   1   2
   273    199    198    194   1   2
   274    194    195    199   1   2
   275    195    196    199   1   2
   276    200    199    196   1   2
   277    202    201    197   1   2
   278    197    198    202   1   2
   279    198    199    202   1   2
   280    203    202    199   1   2
   281    204    203    199   1   2
   282    199    200    204   1   2
   283    201    202    205   1   2
   284    206    205    202   1   2
   285    207    206    202   1   2
   286    202    203    207   1   2
   287    203    204    207   1   2
   288    208    207    204   1   2
   289    210    209    205   1   2
   290    205    206    210   1   2
   291    206    207    210   1   2
   292    211    210    207   1   2
   293    212    211    207   1   2
   294    207    208    212   1   2
   295    209    210    213   1   2
   296    214    213    210   1   2
   297    215    214    210   1   2
   298    210    211    215   1   2
   299    211    212    215   1   2
   300    216    215    212   1   2
   301    218    217    213   1   2
   302    213    214    218   1   2
   303    214    215    218   1   2
   304    219    218    215   1   2
   305    220    219    215   1   2
   306    215    216    220   1   2
   307    217    218    221   1   2
   308    222    221    218   1   2
   309    223    222    218   1   2
   310    218    219    223   1   2
   311    219    220    223   1   2
   312    224    223    220   1   2
   313    226    225    221   1   2
   314    221    222    226   1   2
   315    222    223    226   1   2
   316    227    226    223   1   2
   317    228    227    223   1   2
   318    223    224    228   1   2
   319    225    226    229   1   2
   320    230    229    226   1   2
   321    231    230    226   1   2
   322    226    227    231   1   2
   323    227    228    231   1   2
   324    232    231    228   1   2
   325    234    233    229   1   2
   326    229    230    234   1   2
   327    230    231    234   1   2
   328    235    234    231   1   2
   329    236    235    231   1   2
   330    231    232    236   1   2
   331    233    234    237   1   2
   332    238    237    234   1   2
   333    239    238    234   1   2
   334    234    235    239   1   2
   335    235    236    239   1   2
   336    240    239    236   1   2
   337    242    241    237   1   2
   338    237    238    242   1   2
   339    238    239    242   1   2
   340    243    242    239   1   2
   341    244    243    239   1   2
   342    239    240    244   1   2
   343    241    242    245   1   2
   344    246    245    242   1   2
   345    247    246    242   1   2
   346    242    243    247   1   2
   347    243    244    247   1   2
   348    248    247    244   1   2
   349    250    249    245   1   2
   350    245    246    250   1   2
   351    246    247    250   1   2
   352    251    250    247   1   2
   353    252    251    247   1   2
   354    247    248    252   1   2
   355    249    250    253   1   2
   356    254    253    250   1   2
   357    255    254    250   1   2
   358    250    251    255   1   2
   359    251    252    255   1   2
   360    256    255    252   1   2
   361    279    278    257   1   2
   362    257    258    279   1   2
   363    258    259    279   1   2
   364    280    279    259   1   2
   365    281    280    259   1   2
   366    259    260    281   1   2
   367    260    261    281   1   2
   368    282    281    261   1   2
   369    283    282    261   1   2
   370    261    262    283   1   2
   371    262    263    283   1   2
   372    284    283    263   1   2
   373    285    284    263   1   2
   374    263    264    285   1   2
   375    264    265    285   1   2
   376    286    285    265   1   2
   377    287    286    265   1   2
   378    265    266    287   1   2
   379    266    267    287   1   2
   380    288    287    267   1   2
   381    289    288    267   1   2
   382    267    268    289   1   2
   383    268    269    289   1   2
   384    290    289    269   1   2
   385    291    290    269   1   2
   386    269    270    291   1   2
   387    270    271    291   1   2
   388    292    291    271   1   2
   389    293    292    271   1   2
   390    271    272    293   1   2
   391    272    273    293   1   2
   392    294    293    273   1   2
   393    295    294    273   1   2
   394    273    274    295   1   2
   395    274    275    295   1   2
   396    296    295    275   1   2
   397    297    296    275   1   2
   398    275    276    297   1   2
   399    276    277    297   1   2
   400    298    297    277   1   2
   401    278    279    299   1   2
   402    300    299    279   1   2
   403    301    300    279   1   2
   404    279    280    301   1   2
   405    280    281    301   1   2
   406    302    301    281   1   2
   407    303    302    281   1   2
   408    281    282    303   1   2
   409    282    283    303   1   2
   410    304    303    283   1   2
   411    305    304    283   1   2
   412    283    284    305   1   2
   413    284    285    305   1   2
   414    306    305    285   1   2
   415    307    306    285   1   2
   416    285    286    307   1   2
   417    286    287    307   1   2
   418    308    307    287   1   2
   419    309    308    287   1   2
   420    287    288    309   1   2
   421    288    289    309   1   2
   422    310    309    289   1   2
   423    311    310    289   1   2
   424    289    290    311   1   2
   425    290    291    311   1   2
   426    312    311    291   1   2
   427    313    312    291   1   2
   428    291    292    313   1   2
   429    292    293    313   1   2
   430    314    313    293   1   2
   431    315    314    293   1   2
   432    293    294    315   1   2
   433    294    295    315   1   2
   434    316    315    295   1   2
   435    317    316    295   1   2
   436    295    296    317   1   2
   437    296    297    317   1   2
   438    318    317    297   1   2
   439    319    318    297   1   2
   440    297    298    319   1   2
   441    321    320    299   1   2
   442    299    300    321   1   2
   443    300    301    321   1   2
   444    322    321    301   1   2
   445    323    322    301   1   2
   446    301    302    323   1   2
   447    302    303    323   1   2
   448    324    323    303   1   2
   449    325    324    303   1   2
   450    303    304    325   1   2
   451    304    305    325   1   2
   452    326    325    305   1   2
   453    327    326    305   1   2
   454    305    306    327   1   2
   455    306    307    327   1   2
   456    328    327    307   1   2
   457    329    328    307   1   2
   458    307    308    329   1   2
   459    308    309    329   1   2
   460    330    329    309   1   2
   461    331    330    309   1   2
   462    309    310    331   1   2
   463    310    311    331   1   2
   464    332    331    311   1   2
   465    333    332    311   1   2
   466    311    312    333   1   2
   467    312    313    333   1   2
   468    334    333    313   1   2
   469    335    334    313   1   2
   470    313    314    335   1   2
   471    314    315    335   1   2
   472    336    335    315   1   2
   473    337    336    315   1   2
   474    315    316    337   1   2
   475    316    317    337   1   2
   476    338    337    317   1   2
   477    339    338    317   1   2
   478    317    318    339   1   2
   479    318    319    339   1   2
   480    340    339    319   1   2
   481    320    321    341   1   2
   482    342    341    321   1   2
   483    343    342    321   1   2
   484    321    322    343   1   2
   485    322    323    343   1   2
   486    344    343    323   1   2
   487    345    344    323   1   2
   488    323    324    345   1   2
   489    324    325    345   1   2
   490    346    345    325   1   2
   491    347    346    325   1   2
   492    325    326    347   1   2
   493    326    327    347   1   2
   494    348    347    327   1   2
   495    349    348    327   1   2
   496    327    328    349   1   2
   497    328    329    349   1   2
   498    350    349    329   1   2
   499    351    350    329   1   2
   500    329    330    351   1   2
   501    330    331    351   1   2
   502    352    351    331   1   2
   503    353    352    331   1   2
   504    331    332    353   1   2
   505    332    333    353   1   2
   506    354    353    333   1   2
   507    355    354    333   1   2
   508    333    334    355   1   2
   509    334    335    355   1   2
   510    356    355    335   1   2
   511    357    356    335   1   2
   512    335    336    357   1   2
   513    336    337    357   1   2
   514    358    357    337   1   2
   515    359    358    337   1   2
   516    337    338    359   1   2
   517    338    339    359   1   2
   518    360    359    339   1   2
   519    361    360    339   1   2
   520    339    340    361   1   2
   521    363    362    341   1   2
   522    341    342    363   1   2
   523    342    343    363   1   2
   524    364    363    343   1   2
   525    365    364    343   1   2
   526    343    344    365   1   2
   527    344    345    365   1   2
   528    366    365    345   1   2
   529    367    366    345   1   2
   530    345    346    367   1   2
   531    346    347    367   1   2
   532    368    367    347   1   2
   533    369    368    347   1   2
   534    347    348    369   1   2
   535    348    349    369   1   2
   536    370    369    349   1   2
   537    371    370    349   1   2
   538    349    350    371   1   2
   539    350    351    371   1   2
   540    372    371    351   1   2
   541    373    372    351   1   2
   542    351    352    373   1   2
   543    352    353    373   1   2
   544    374    373    353   1   2
   545    375    374    353   1   2
   546    353    354    375   1   2
   547    354    355    375   1   2
   548    376    375    355   1   2
   549    377    376    355   1   2
   550    355    356    377   1   2
   551    356    357    377   1   2
   552    378    377    357   1   2
   553    379    378    357   1   2
   554    357    358    379   1   2
   555    358    359    379   1   2
   556    380    379    359   1   2
   557    381    380    359   1   2
   558    359    360    381   1   2
   559    360    361    381   1   2
   560    382    381    361   1   2
   561    362    363    383   1   2
   562    384    383    363   1   2
   563    385    384    363   1   2
   564    363    364    385   1   2
   565    364    365    385   1   2
   566    386    385    365   1   2
   567    387    386    365   1   2
   568    365    366    387   1   2
   569    366    367    387   1   2
   570    388    387    367   1   2
   571    389    388    367   1   2
   572    367    368    389   1   2
   573    368    369    389   1   2
   574    390    389    369   1   2
   575    391    390    369   1   2
   576    369    370    391   1   2
   577    370    371    391   1   2
   578    392    391    371   1   2
   579    393    392    371   1   2
   580    371    372    393   1   2
   581    372    373    393   1   2
   582    394    393    373   1   2
   583    395    394    373   1   2
   584    373    374    395   1   2
   585    374    375    395   1   2
   586    396    395    375   1   2
   587    397    396    375   1   2
   588    375    376    397   1   2
   589    376    377    397   1   2
   590    398    397    377   1   2
   591    399    398    377   1   2
   592    377    378    399   1   2
   593    378    379    399   1   2
   594    400    399    379   1   2
   595    401    400    379   1   2
   596    379    380    401   1   2
   597    380    381    401   1   2
   598    402    401    381   1   2
   599    403    402    381   1   2
   600    381    382    403   1   2
   601    405    404    383   1   2
   602    383    384    405   1   2
   603    384    385    405   1   2
   604    406    405    385   1   2
   605    407    406    385   1   2
   606    385    386    407   1   2
   607    386    387    407   1   2
   608    408    407    387   1   2
   609    409    408    387   1   2
   610    387    388    409   1   2
   611    388    389    409   1   2
   612    410    409    389   1   2
   613    411    410    389   1   2
   614    389    390    411   1   2
   615    390    391    411   1   2
   616    412    411    391   1   2
   617    413    412    391   1   2
   618    391    392    413   1   2
   619    392    393    413   1   2
   620    414    413    393   1   2
   621    415    414    393   1   2
   622    393    394    415   1   2
   623    394    395    415   1   2
   624    416    415    395   1   2
   625    417    416    395   1   2
   626    395    396    417   1   2
   627    396    397    417   1   2
   628    418    417    397   1   2
   629    419    418    397   1   2
   630    397    398    419   1   2
   631    398    399    419   1   2
   632    420    419    399   1   2
   633    421    420    399   1   2
   634    399    400    421   1   2
   635    400    401    421   1   2
   636    422    421    401   1   2
   637    423    422    401   1   2
   638    401    402    423   1   2
   639    402    403    423   1   2
   640    424    423    403   1   2
   641    404    405    425   1   2
   642    426    425    405   1   2
   643    427    426    405   1   2
   644    405    406    427   1   2
   645    406    407    427   1   2
   646    428    427    407   1   2
   647    429    428    407   1   2
   648    407    408    429   1   2
   649    408    409    429   1   2
   650    430    429    409   1   2
   651    431    430    409   1   2
   652    409    410    431   1   2
   653    410    411    431   1   2
   654    432    431    411   1   2
   655    433    432    411   1   2
   656    411    412    433   1   2
   657    412    413    433   1   2
   658    434    433    413   1   2
   659    435    434    413   1   2
   660    413    414    435   1   2
   661    414    415    435   1   2
   662    436    435    415   1   2
   663    437    436    415   1   2
   664    415    416    437   1   2
   665    416    417    437   1   2
   666    438    437    417   1   2
   667    439    438    417   1   2
   668    417    418    439   1   2
   669    418    419    439   1   2
   670    440    439    419   1   2
   671    441    440    419   1   2
   672    419    420    441   1   2
   673    420    421    441   1   2
   674    442    441    421   1   2
   675    443    442    421   1   2
   676    421    422    443   1   2
   677    422    423    443   1   2
   678    444    443    423   1   2
   679    445    444    423   1   2
   680    423    424    445   1   2
   681    447    446    425   1   2
   682    425    426    447   1   2
   683    426    427    447   1   2
   684    448    447    427   1   2
   685    449    448    427   1   2
   686    427    428    449   1   2
   687    428    429    449   1   2
   688    450    449    429   1   2
   689    451    450    429   1   2
   690    429    430    451   1   2
   691    430    431    451   1   2
   692    452    451    431   1   2
   693    453    452    431   1   2
   694    431    432    453   1   2
   695    432    433    453   1   2
   696    454    453    433   1   2
   697    455    454    433   1   2
   698    433    434    455   1   2
   699    434    435    455   1   2
   700    456    455    435   1   2
   701    457    456    435   1   2
   702    435    436    457   1   2
   703    436    437    457   1   2
   704    458    457    437   1   2
   705    459    458    437   1   2
   706    437    438    459   1   2
   707    438    439    459   1   2
   708    460    459    439   1   2
   709    461    460    439   1   2
   710    439    440    461   1   2
   711    440    441    461   1   2
   712    462    461    441   1   2
   713    463    462    441   1   2
   714    441    442    463   1   2
   715    442    443    463   1   2
   716    464    463    443   1   2
   717    465    464    443   1   2
   718    443    444    465   1   2
   719    444    445    465   1   2
   720    466    465    445   1   2
   721    446    447    467   1   2
   722    468    467    447   1   2
   723    469    468    447   1   2
   724    447    448    469   1   2
   725    448    449    469   1   2
   726    470    469    449   1   2
   727    471    470    449   1   2
   728    449    450    471   1   2
   729    450    451    471   1   2
   730    472    471    451   1   2
   731    473    472    451   1   2
   732    451    452    473   1   2
   733    452    453    473   1   2
   734    474    473    453   1   2
   735    475    474    453   1   2
   736    453    454    475   1   2
   737    454    455    475   1   2
   738    476    475    455   1   2
   739    477    476    455   1   2
   740    455    456    477   1   2
   741    456    457    477   1   2
   742    478    477    457   1   2
   743    479    478    457   1   2
   744    457    458    479   1   2
   745    458    459    479   1   2
   746    480    479    459   1   2
   747    481    480    459   1   2
   748    459    460    481   1   2
   749    460    461    481   1   2
   750    482    481    461   1   2
   751    483    482    461   1   2
   752    461    462    483   1   2
   753    462    463    483   1   2
   754    484    483    463   1   2
   755    485    484    463   1   2
   756    463    464    485   1   2
   757    464    465    485   1   2
   758    486    485    465   1   2
   759    487    486    465   1   2
   760    465    466    487   1   2
   761    510    509    488   1   2
   762    488    489    510   1   2
   763    489    490    510   1   2
   764    511    510    490   1   2
   765    512    511    490   1   2
   766    490    491    512   1   2
   767    491    492    512   1   2
   768    513    512    492   1   2
   769    514    513    492   1   2
   770    492    493    514   1   2
   771    493    494    514   1   2
   772    515    514    494   1   2
   773    516    515    494   1   2
   774    494    495    516   1   2
   775    495    496    516   1   2
   776    517    516    496   1   2
   777    518    517    496   1   2
   778    496    497    518   1   2
   779    497    498    518   1   2
   780    519    518    498   1   2
   781    520    519    498   1   2
   782    498    499    520   1   2
   783    499    500    520   1   2
   784    521    520    500   1   2
   785    522    521    500   1   2
   786    500    501    522   1   2
   787    501    502    522   1   2
   788    523    522    502   1   2
   789    524    523    502   1   2
   790    502    503    524   1   2
   791    503    504    524   1   2
   792    525    524    504   1   2
   793    526    525    504   1   2
   794    504    505    526   1   2
   795    505    506    526   1   2
   796    527    526    506   1   2
   797    528    527    506   1   2
   798    506    507    528   1   2
   799    507    508    528   1   2
   800    529    528    508   1   2
   801    509    510    530   1   2
   802    531    530    510   1   2
   803    532    531    510   1   2
   804    510    511    532   1   2
   805    511    512    532   1   2
   806    533    532    512   1   2
   807    534    533    512   1   2
   808    512    513    534   1   2
   809    513    514    534   1   2
   810    535    534    514   1   2
   811    536    535    514   1   2
   812    514    515    536   1   2
   813    515    516    536   1   2
   814    537    536    516   1   2
   815    538    537    516   1   2
   816    516    517    538   1   2
   817    517    518    538   1   2
   818    539    538    518   1   2
   819    540    539    518   1   2
   820    518    519    540   1   2
   821    519    520    540   1   2
   822    541    540    520   1   2
   823    542    541    520   1   2
   824    520    521    542   1   2
   825    521    522    542   1   2
   826    543    542    522   1   2
   827    544    543    522   1   2
   828    522    523    544   1   2
   829    523    524    544   1   2
   830    545    544    524   1   2
   831    546    545    524   1   2
   832    524    525    546   1   2
   833    525    526    546   1   2
   834    547    546    526   1   2
   835    548    547    526   1   2
   836    526    527    548   1   2
   837    527    528    548   1   2
   838    549    548    528   1   2
   839    550    549    528   1   2
   840    528    529    550   1   2
   841    552    551    530   1   2
   842    530    531    552   1   2
   843    531    532    552   1   2
   844    553    552    532   1   2
   845    554    553    532   1   2
   846    532    533    554   1   2
   847    533    534    554   1   2
   848    555    554    534   1   2
   849    556    555    534   1   2
   850    534    535    556   1   2
   851    535    536    556   1   2
   852    557    556    536   1   2
   853    558    557    536   1   2
   854    536    537    558   1   2
   855    537    538    558   1   2
   856    559    558    538   1   2
   857    560    559    538   1   2
   858    538    539    560   1   2
   859    539    540    560   1   2
   860    561    560    540   1   2
   861    562    561    540   1   2
   862    540    541    562   1   2
   863    541    542    562   1   2
   864    563    562    542   1   2
   865    564    563    542   1   2
   866    542    543    564   1   2
   867    543    544    564   1   2
   868    565    564    544   1   2
   869    566    565    544   1   2
   870    544    545    566   1   2
   871    545    546    566   1   2
   872    567    566    546   1   2
   873    568    567    546   1   2
   874    546    547    568   1   2
   875    547    548    568   1   2
   876    569    568    548   1   2
   877    570    569    548   1   2
   878    548    549    570   1   2
   879    549    550    570   1   2
   880    571    570    550   1   2
   881    551    552    572   1   2
   882    573    572    552   1   2
   883    574    573    552   1   2
   884    552    553    574   1   2
   885    553    554    574   1   2
   886    575    574    554   1   2
   887    576    575    554   1   2
   888    554    555    576   1   2
   889    555    556    576   1   2
   890    577    576    556   1   2
   891    578    577    556   1   2
   892    556    557    578   1   2
   893    557    558    578   1   2
   894    579    578    558   1   2
   895    580    579    558   1   2
   896    558    559    580   1   2
   897    559    560    580   1   2
   898    581    580    560   1   2
   899    582    581    560   1   2
   900    560    561    582   1   2
   901    561    562    582   1   2
   902    583    582    562   1   2
   903    584    583    562   1   2
   904    562    563    584   1   2
   905    563    564    584   1   2
   906    585    584    564   1   2
   907    586    585    564   1   2
   908    564    565    586   1   2
   909    565    566    586   1   2
   910    587    586    566   1   2
   911    588    587    566   1   2
   912    566    567    588   1   2
   913    567    568    588   1   2
   914    589    588    568   1   2
   915    590    589    568   1   2
   916    568    569    590   1   2
   917    569    570    590   1   2
   918    591    590    570   1   2
   919    592    591    570   1   2
   920    570    571    592   1   2
   921    594    593    572   1   2
   922    572    573    594   1   2
   923    573    574    594   1   2
   924    595    594    574   1   2
   925    596    595    574   1   2
   926    574    575    596   1   2
   927    575    576    596   1   2
   928    597    596    576   1   2
   929    598    597    576   1   2
   930    576    577    598   1   2
   931    577    578    598   1   2
   932    599    598    578   1   2
   933    600    599    578   1   2
   934    578    579    600   1   2
   935    579    580    600   1   2
   936    601    600    580   1   2
   937    602    601    580   1   2
   938    580    581    602   1   2
   939    581    582    602   1   2
   940    603    602    582   1   2
   941    604    603    582   1   2
   942    582    583    604   1   2
   943    583    584    604   1   2
   944    605    604    584   1   2
   945    606    605    584   1   2
   946    584    585    606   1   2
   947    585    586    606   1   2
   948    607    606    586   1   2
   949    608    607    586   1   2
   950    586    587    608   1   2
   951    587    588    608   1   2
   952    609    608    588   1   2
   953    610    609    588   1   2
   954    588    589    610   1   2
   955    589    590    610   1   2
   956    611    610    590   1   2
   957    612    611    590   1   2
   958    590    591    612   1   2
   959    591    592    612   1   2
   960    613    612    592   1   2
   961    593    594    614   1   2
   962    615    614    594   1   2
   963    616    615    594   1   2
   964    594    595    616   1   2
   965    595    596    616   1   2
   966    617    616    596   1   2
   967    618    617    596   1   2
   968    596    597    618   1   2
   969    597    598    618   1   2
   970    619    618    598   1   2
   971    620    619    598   1   2
   972    598    599    620   1   2
   973    599    600    620   1   2
   974    621    620    600   1   2
   975    622    621    600   1   2
   976    600    601    622   1   2
   977    601    602    622   1   2
   978    623    622    602   1   2
   979    624    623    602   1   2
   980    602    603    624   1   2
   981    603    604    624   1   2
   982    625    624    604   1   2
   983    626    625    604   1   2
   984    604    605    626   1   2
   985    605    606    626   1   2
   986    627    626    606   1   2
   987    628    627    606   1   2
   988    606    607    628   1   2
   989    607    608    628   1   2
   990    629    628    608   1   2
   991    630    629    608   1   2
   992    608    609    630   1   2
   993    609    610    630   1   2
   994    631    630    610   1   2
   995    632    631    610   1   2
   996    610    611    632   1   2
   997    611    612    632   1   2
   998    633    632    612   1   2
   999    634    633    612   1   2
  1000    612    613    634   1   2
  1001    636    635    614   1   2
  1002    614    615    636   1   2
  1003    615    616    636   1   2
  1004    637    636    616   1   2
  1005    638    637    616   1   2
  1006    616    617    638   1   2
  1007    617    618    638   1   2
  1008    639    638    618   1   2
  1009    640    639    618   1   2
  1010    618    619    640   1   2
  1011    619    620    640   1   2
  1012    641    640    620   1   2
  1013    642    641    620   1   2
  1014    620    621    642   1   2
  1015    621    622    642   1   2
  1016    643    642    622   1   2
  1017    644    643    622   1   2
  1018    622    623    644   1   2
  1019    623    624    644   1   2
  1020    645    644    624   1   2
  1021    646    645    624   1   2
  1022    624    625    646   1   2
  1023    625    626    646   1   2
  1024    647    646    626   1   2
  1025    648    647    626   1   2
  1026    626    627    648   1   2
  1027    627    628    648   1   2
  1028    649    648    628   1   2
  1029    650    649    628   1   2
  1030    628    629    650   1   2
  1031    629    630    650   1   2
  1032    651    650    630   1   2
  1033    652    651    630   1   2
  1034    630    631    652   1   2
  1035    631    632    652   1   2
  1036    653    652    632   1   2
  1037    654    653    632   1   2
  1038    632    633    654   1   2
  1039    633    634    654   1   2
  1040    655    654    634   1   2
  1041    635    636    656   1   2
  1042    657    656    636   1   2
  1043    658    657    636   1   2
  1044    636    637    658   1   2
  1045    637    638    658   1   2
  1046    659    658    638   1   2
  1047    660    659    638   1   2
  1048    638    639    660   1   2
  1049    639    640    660   1   2
  1050    661    660    640   1   2
  1051    662    661    640   1   2
  1052    640    641    662   1   2
  1053    641    642    662   1   2
  1054    663    662    642   1   2
  1055    664    663    642   1   2
  1056    642    643    664   1   2
  1057    643    644    664   1   2
  1058    665    664    644   1   2
  1059    666    665    644   1   2
  1060    644    645    666   1   2
  1061    645    646    666   1   2
  1062    667    666    646   1   2
  1063    668    667    646   1   2
  1064    646    647    668   1   2
  1065    647    648    668   1   2
  1066    669    668    648   1   2
  1067    670    669    648   1   2
  1068    648    649    670   1   2
  1069    649    650    670   1   2
  1070    671    670    650   1   2
  1071    672    671    650   1   2
  1072    650    651    672   1   2
  1073    651    652    672   1   2
  1074    673    672    652   1   2
  1075    674    673    652   1   2
  1076    652    653    674   1   2
  1077    653    654    674   1   2
  1078    675    674    654   1   2
  1079    676    675    654   1   2
  1080    654    655    676   1   2
  1081    678    677    656   1   2
  1082    656    657    678   1   2
  1083    657    658    678   1   2
  1084    679    678    658   1   2
  1085    680    679    658   1   2
  1086    658    659    680   1   2
  1087    659    660    680   1   2
  1088    681    680    660   1   2
  1089    682    681    660   1   2
  1090    660    661    682   1   2
  1091    661    662    682   1   2
  1092    683    682    662   1   2
  1093    684    683    662   1   2
  1094    662    663    684   1   2
  1095    663    664    684   1   2
  1096    685    684    664   1   2
  1097    686    685    664   1   2
  1098    664    665    686   1   2
  1099    665    666    686   1   2
  1100    687    686    666   1   2
  1101    688    687    666   1   2
  1102    666    667    688   1   2
  1103    667    668    688   1   2
  1104    689    688    668   1   2
  1105    690    689    668   1   2
  1106    668    669    690   1   2
  1107    669    670    690   1   2
  1108    691    690    670   1   2
  1109    692    691    670   1   2
  1110    670    671    692   1   2
  1111    671    672    692   1   2
  1112    693    692    672   1   2
  1113    694    693    672   1   2
  1114    672    673    694   1   2
  1115    673    674    694   1   2
  1116    695    694    674   1   2
  1117    696    695    674   1   2
  1118    674    675    696   1   2
  1119    675    676    696   1   2
  1120    697    696    676   1   2
  1121    677    678    698   1   2
  1122    699    698    678   1   2
  1123    700    699    678   1   2
  1124    678    679    700   1   2
  1125    679    680    700   1   2
  1126    701    700    680   1   2
  1127    702    701    680   1   2
  1128    680    681    702   1   2
  1129    681    682    702   1   2
  1130    703    702    682   1   2
  1131    704    703    682   1   2
  1132    682    683    704   1   2
  1133    683    684    704   1   2
  1134    705    704    684   1   2
  1135    706    705    684   1   2
  1136    684    685    706   1   2
  1137    685    686    706   1   2
  1138    707    706    686   1   2
  1139    708    707    686   1   2
  1140    686    687    708   1   2
  1141    687    688    708   1   2
  1142    709    708    688   1   2
  1143    710    709    688   1   2
  1144    688    689    710   1   2
  1145    689    690    710   1   2
  1146    711    710    690   1   2
  1147    712    711    690   1   2
  1148    690    691    712   1   2
  1149    691    692    712   1   2
  1150    713    712    692   1   2
  1151    714    713    692   1   2
  1152    692    693    714   1   2
  1153    693    694    714   1   2
  1154    715    714    694   1   2
  1155    716    715    694   1   2
  1156    694    695    716   1   2
  1157    695    696    716   1   2
  1158    717    716    696   1   2
  1159    718    717    696   1   2
  1160    696    697    718   1   2
     1      0.000000000E+00      0.000000000E+00      0.000000000E+00
     2      0.000000000E+00      0.400000000E+01      0.000000000E+00
     3      0.000000000E+00      0.800000000E+01      0.000000000E+00
     4      0.000000000E+00      0.120000000E+02      0.000000000E+00
     5      0.000000000E+00      0.160000000E+02      0.000000000E+00
     6      0.000000000E+00      0.200000000E+02      0.000000000E+00
     7      0.000000000E+00      0.240000000E+02      0.000000000E+00
     8      0.000000000E+00      0.280000019E+02      0.000000000E+00
     9      0.000000000E+00      0.320000038E+02      0.000000000E+00
    10      0.000000000E+00      0.360000038E+02      0.000000000E+00
    11      0.000000000E+00      0.400000000E+02      0.000000000E+00
    12      0.000000000E+00      0.000000000E+00      0.400000000E+01
    13      0.000000000E+00      0.400000000E+01      0.400000000E+01
    14      0.000000000E+00      0.800000000E+01      0.400000000E+01
    15      0.000000000E+00      0.120000000E+02      0.400000000E+01
    16      0.000000000E+00      0.160000000E+02      0.400000000E+01
    17      0.000000000E+00      0.200000000E+02      0.400000000E+01
    18      0.000000000E+00      0.240000000E+02      0.400000000E+01
    19      0.000000000E+00      0.280000019E+02      0.400000000E+01
    20      0.000000000E+00      0.320000038E+02      0.400000000E+01
    21      0.000000000E+00      0.360000038E+02      0.400000000E+01
    22      0.000000000E+00      0.400000000E+02      0.400000000E+01
    23      0.000000000E+00      0.000000000E+00      0.800000000E+01
    24      0.000000000E+00      0.400000000E+01      0.800000000E+01
    25      0.000000000E+00      0.800000000E+01      0.800000000E+01
    26      0.000000000E+00      0.120000000E+02      0.800000000E+01
    27      0.000000000E+00      0.160000000E+02      0.800000000E+01
    28      0.000000000E+00      0.200000000E+02      0.800000000E+01
    29      0.000000000E+00      0.240000000E+02      0.800000000E+01
    30      0.000000000E+00      0.280000019E+02      0.800000000E+01
    31      0.000000000E+00      0.320000076E+02      0.800000000E+01
    32      0.000000000E+00      0.360000038E+02      0.800000000E+01
    33      0.000000000E+00      0.400000000E+02      0.800000000E+01
    34      0.000000000E+00      0.000000000E+00      0.120000000E+02
    35      0.000000000E+00      0.400000000E+01      0.120000000E+02
    36      0.000000000E+00      0.800000000E+01      0.120000000E+02
    37      0.000000000E+00      0.120000000E+02      0.120000000E+02
    38      0.000000000E+00      0.160000000E+02      0.120000000E+02
    39      0.000000000E+00      0.200000000E+02      0.120000000E+02
    40      0.000000000E+00      0.240000000E+02      0.120000000E+02
    41      0.000000000E+00      0.280000019E+02      0.120000000E+02
    42      0.000000000E+00      0.320000076E+02      0.120000000E+02
    43      0.000000000E+00      0.360000038E+02      0.120000000E+02
    44      0.000000000E+00      0.400000000E+02      0.120000000E+02
    45      0.800000000E+02      0.000000000E+00      0.000000000E+00
    46      0.800000000E+02      0.400000000E+01      0.000000000E+00
    47      0.800000000E+02      0.800000000E+01      0.000000000E+00
    48      0.800000000E+02      0.120000000E+02      0.000000000E+00
    49      0.800000000E+02      0.160000000E+02      0.000000000E+00
    50      0.800000000E+02      0.200000000E+02      0.000000000E+00
    51      0.800000000E+02      0.240000000E+02      0.000000000E+00
    52      0.800000000E+02      0.280000019E+02      0.000000000E+00
    53      0.800000000E+02      0.320000038E+02      0.000000000E+00
    54      0.800000000E+02      0.360000038E+02      0.000000000E+00
    55      0.800000000E+02      0.400000000E+02      0.000000000E+00
    56      0.800000000E+02      0.000000000E+00      0.400000000E+01
    57      0.800000000E+02      0.400000000E+01      0.400000000E+01
    58      0.800000000E+02      0.800000000E+01      0.400000000E+01
    59      0.800000000E+02      0.120000000E+02      0.400000000E+01
    60      0.800000000E+02      0.160000000E+02      0.400000000E+01
    61      0.800000000E+02      0.200000000E+02      0.400000000E+01
    62      0.800000000E+02      0.240000000E+02      0.400000000E+01
    63      0.800000000E+02      0.280000019E+02      0.400000000E+01
    64      0.800000000E+02      0.320000038E+02      0.400000000E+01
    65      0.800000000E+02      0.360000038E+02      0.400000000E+01
    66      0.800000000E+02      0.400000000E+02      0.400000000E+01
    67      0.800000000E+02      0.000000000E+00      0.800000000E+01
    68      0.800000000E+02      0.400000000E+01      0.800000000E+01
    69      0.800000000E+02      0.800000000E+01      0.800000000E+01
    70      0.800000000E+02      0.120000000E+02      0.800000000E+01
    71      0.800000000E+02      0.160000000E+02      0.800000000E+01
    72      0.800000000E+02      0.200000000E+02      0.800000000E+01
    73      0.800000000E+02      0.240000000E+02      0.800000000E+01
    74      0.800000000E+02      0.280000019E+02      0.800000000E+01
    75      0.800000000E+02      0.320000076E+02      0.800000000E+01
    76      0.800000000E+02      0.360000038E+02      0.800000000E+01
    77      0.800000000E+02      0.400000000E+02      0.800000000E+01
    78      0.800000000E+02      0.000000000E+00      0.120000000E+02
    79      0.800000000E+02      0.400000000E+01      0.120000000E+02
    80      0.800000000E+02      0.800000000E+01      0.120000000E+02
    81      0.800000000E+02      0.120000000E+02      0.120000000E+02
    82      0.800000000E+02      0.160000000E+02      0.120000000E+02
    83      0.800000000E+02      0.200000000E+02      0.120000000E+02
    84      0.800000000E+02      0.240000000E+02      0.120000000E+02
    85      0.800000000E+02      0.280000019E+02      0.120000000E+02
    86      0.800000000E+02      0.320000076E+02      0.120000000E+02
    87      0.800000000E+02      0.360000038E+02      0.120000000E+02
    88      0.800000000E+02      0.400000000E+02      0.120000000E+02
    89      0.000000000E+00      0.000000000E+00      0.000000000E+00
    90      0.000000000E+00      0.000000000E+00      0.400000095E+01
    91      0.000000000E+00      0.000000000E+00      0.800000191E+01
    92      0.000000000E+00      0.000000000E+00      0.120000000E+02
    93      0.400000000E+01      0.000000000E+00      0.000000000E+00
    94      0.400000000E+01      0.000000000E+00      0.400000095E+01
    95      0.400000000E+01      0.000000000E+00      0.800000191E+01
    96      0.400000000E+01      0.000000000E+00      0.120000000E+02
    97      0.800000000E+01      0.000000000E+00      0.000000000E+00
    98      0.800000000E+01      0.000000000E+00      0.400000095E+01
    99      0.800000000E+01      0.000000000E+00      0.800000191E+01
   100      0.800000000E+01      0.000000000E+00      0.120000000E+02
   101      0.120000000E+02      0.000000000E+00      0.000000000E+00
   102      0.120000000E+02      0.000000000E+00      0.400000095E+01
   103      0.120000000E+02      0.000000000E+00      0.800000191E+01
   104      0.120000000E+02      0.000000000E+00      0.120000000E+02
   105      0.160000000E+02      0.000000000E+00      0.000000000E+00
   106      0.160000000E+02      0.000000000E+00      0.400000095E+01
   107      0.160000000E+02      0.000000000E+00      0.800000191E+01
   108      0.160000000E+02      0.000000000E+00      0.120000000E+02
   109      0.200000000E+02      0.000000000E+00      0.000000000E+00
   110      0.200000000E+02      0.000000000E+00      0.400000095E+01
   111      0.200000000E+02      0.000000000E+00      0.800000191E+01
   112      0.200000000E+02      0.000000000E+00      0.120000000E+02
   113      0.240000000E+02      0.000000000E+00      0.000000000E+00
   114      0.240000000E+02      0.000000000E+00      0.400000095E+01
   115      0.240000000E+02      0.000000000E+00      0.800000191E+01
   116      0.240000000E+02      0.000000000E+00      0.120000000E+02
   117      0.280000019E+02      0.000000000E+00      0.000000000E+00
   118      0.280000019E+02      0.000000000E+00      0.400000095E+01
   119      0.280000019E+02      0.000000000E+00      0.800000191E+01
   120      0.280000019E+02      0.000000000E+00      0.120000000E+02
   121      0.320000038E+02      0.000000000E+00      0.000000000E+00
   122      0.320000038E+02      0.000000000E+00      0.400000095E+01
   123      0.320000038E+02      0.000000000E+00      0.800000191E+01
   124      0.320000038E+02      0.000000000E+00      0.120000000E+02
   125      0.360000038E+02      0.000000000E+00      0.000000000E+00
   126      0.360000038E+02      0.000000000E+00      0.400000095E+01
   127      0.360000038E+02      0.000000000E+00      0.800000191E+01
   128      0.360000038E+02      0.000000000E+00      0.120000000E+02
   129      0.400000038E+02      0.000000000E+00      0.000000000E+00
   130      0.400000038E+02      0.000000000E+00      0.400000095E+01
   131      0.400000038E+02      0.000000000E+00      0.800000191E+01
   132      0.400000038E+02      0.000000000E+00      0.120000000E+02
   133      0.440000038E+02      0.000000000E+00      0.000000000E+00
   134      0.440000038E+02      0.000000000E+00      0.400000095E+01
   135      0.440000038E+02      0.000000000E+00      0.800000191E+01
   136      0.440000038E+02      0.000000000E+00      0.120000000E+02
   137      0.480000076E+02      0.000000000E+00      0.000000000E+00
   138      0.480000076E+02      0.000000000E+00      0.400000095E+01
   139      0.480000076E+02      0.000000000E+00      0.800000191E+01
   140      0.480000076E+02      0.000000000E+00      0.120000000E+02
   141      0.520000076E+02      0.000000000E+00      0.000000000E+00
   142      0.520000076E+02      0.000000000E+00      0.400000095E+01
   143      0.520000076E+02      0.000000000E+00      0.800000191E+01
   144      0.520000076E+02      0.000000000E+00      0.120000000E+02
   145      0.560000076E+02      0.000000000E+00      0.000000000E+00
   146      0.560000076E+02      0.000000000E+00      0.400000095E+01
   147      0.560000076E+02      0.000000000E+00      0.800000191E+01
   148      0.560000076E+02      0.000000000E+00      0.120000000E+02
   149      0.600000076E+02      0.000000000E+00      0.000000000E+00
   150      0.600000076E+02      0.000000000E+00      0.400000095E+01
   151      0.600000076E+02      0.000000000E+00      0.800000191E+01
   152      0.600000076E+02      0.000000000E+00      0.120000000E+02
   153      0.640000076E+02      0.000000000E+00      0.000000000E+00
   154      0.640000076E+02      0.000000000E+00      0.400000095E+01
   155      0.640000076E+02      0.000000000E+00      0.800000191E+01
   156      0.640000076E+02      0.000000000E+00      0.120000000E+02
   157      0.680000076E+02      0.000000000E+00      0.000000000E+00
   158      0.680000076E+02      0.000000000E+00      0.400000095E+01
   159      0.680000076E+02      0.000000000E+00      0.800000191E+01
   160      0.680000076E+02      0.000000000E+00      0.120000000E+02
   161      0.720000153E+02      0.000000000E+00      0.000000000E+00
   162      0.720000153E+02      0.000000000E+00      0.400000095E+01
   163      0.720000153E+02      0.000000000E+00      0.800000191E+01
   164      0.720000153E+02      0.000000000E+00      0.120000000E+02
   165      0.760000153E+02      0.000000000E+00      0.000000000E+00
   166      0.760000153E+02      0.000000000E+00      0.400000095E+01
   167      0.760000153E+02      0.000000000E+00      0.800000191E+01
   168      0.760000153E+02      0.000000000E+00      0.120000000E+02
   169      0.800000000E+02      0.000000000E+00      0.000000000E+00
   170      0.800000000E+02      0.000000000E+00      0.400000095E+01
   171      0.800000000E+02      0.000000000E+00      0.800000191E+01
   172      0.800000000E+02      0.000000000E+00      0.120000000E+02
   173      0.000000000E+00      0.400000000E+02      0.000000000E+00
   174      0.000000000E+00      0.400000000E+02      0.400000095E+01
   175      0.000000000E+00      0.400000000E+02      0.800000191E+01
   176      0.000000000E+00      0.400000000E+02      0.120000000E+02
   177      0.400000000E+01      0.400000000E+02      0.000000000E+00
   178      0.400000000E+01      0.400000000E+02      0.400000095E+01
   179      0.400000000E+01      0.400000000E+02      0.800000191E+01
   180      0.400000000E+01      0.400000000E+02      0.120000000E+02
   181      0.800000000E+01      0.400000000E+02      0.000000000E+00
   182      0.800000000E+01      0.400000000E+02      0.400000095E+01
   183      0.800000000E+01      0.400000000E+02      0.800000191E+01
   184      0.800000000E+01      0.400000000E+02      0.120000000E+02
   185      0.120000000E+02      0.400000000E+02      0.000000000E+00
   186      0.120000000E+02      0.400000000E+02      0.400000095E+01
   187      0.120000000E+02      0.400000000E+02      0.800000191E+01
   188      0.120000000E+02      0.400000000E+02      0.120000000E+02
   189      0.160000000E+02      0.400000000E+02      0.000000000E+00
   190      0.160000000E+02      0.400000000E+02      0.400000095E+01
   191      0.160000000E+02      0.400000000E+02      0.800000191E+01
   192      0.160000000E+02      0.400000000E+02      0.120000000E+02
   193      0.200000000E+02      0.400000000E+02      0.000000000E+00
   194      0.200000000E+02      0.400000000E+02      0.400000095E+01
   195      0.200000000E+02      0.400000000E+02      0.800000191E+01
   196      0.200000000E+02      0.400000000E+02      0.120000000E+02
   197      0.240000000E+02      0.400000000E+02      0.000000000E+00
   198      0.240000000E+02      0.400000000E+02      0.400000095E+01
   199      0.240000000E+02      0.400000000E+02      0.800000191E+01
   200      0.240000000E+02      0.400000000E+02      0.120000000E+02
   201      0.280000019E+02      0.400000000E+02      0.000000000E+00
   202      0.280000019E+02      0.400000000E+02      0.400000095E+01
   203      0.280000019E+02      0.400000000E+02      0.800000191E+01
   204      0.280000019E+02      0.400000000E+02      0.120000000E+02
   205      0.320000038E+02      0.400000000E+02      0.000000000E+00
   206      0.320000038E+02      0.400000000E+02      0.400000095E+01
   207      0.320000038E+02      0.400000000E+02      0.800000191E+01
   208      0.320000038E+02      0.400000000E+02      0.120000000E+02
   209      0.360000038E+02      0.400000000E+02      0.000000000E+00
   210      0.360000038E+02      0.400000000E+02      0.400000095E+01
   211      0.360000038E+02      0.400000000E+02      0.800000191E+01
   212      0.360000038E+02      0.400000000E+02      0.120000000E+02
   213      0.400000038E+02      0.400000000E+02      0.000000000E+00
   214      0.400000038E+02      0.400000000E+02      0.400000095E+01
   215      0.400000038E+02      0.400000000E+02      0.800000191E+01
   216      0.400000038E+02      0.400000000E+02      0.120000000E+02
   217      0.440000038E+02      0.400000000E+02      0.000000000E+00
   218      0.440000038E+02      0.400000000E+02      0.400000095E+01
   219      0.440000038E+02      0.400000000E+02      0.800000191E+01
   220      0.440000038E+02      0.400000000E+02      0.120000000E+02
   221      0.480000076E+02      0.400000000E+02      0.000000000E+00
   222      0.480000076E+02      0.400000000E+02      0.400000095E+01
   223      0.480000076E+02      0.400000000E+02      0.800000191E+01
   224      0.480000076E+02      0.400000000E+02      0.120000000E+02
   225      0.520000076E+02      0.400000000E+02      0.000000000E+00
   226      0.520000076E+02      0.400000000E+02      0.400000095E+01
   227      0.520000076E+02      0.400000000E+02      0.800000191E+01
   228      0.520000076E+02      0.400000000E+02      0.120000000E+02
   229      0.560000076E+02      0.400000000E+02      0.000000000E+00
   230      0.560000076E+02      0.400000000E+02      0.400000095E+01
   231      0.560000076E+02      0.400000000E+02      0.800000191E+01
   232      0.560000076E+02      0.400000000E+02      0.120000000E+02
   233      0.600000076E+02      0.400000000E+02      0.000000000E+00
   234      0.600000076E+02      0.400000000E+02      0.400000095E+01
   235      0.600000076E+02      0.400000000E+02      0.800000191E+01
   236      0.600000076E+02      0.400000000E+02      0.120000000E+02
   237      0.640000076E+02      0.400000000E+02      0.000000000E+00
   238      0.640000076E+02      0.400000000E+02      0.400000095E+01
   239      0.640000076E+02      0.400000000E+02      0.800000191E+01
   240      0.640000076E+02      0.400000000E+02      0.120000000E+02
   241      0.680000076E+02      0.400000000E+02      0.000000000E+00
   242      0.680000076E+02      0.400000000E+02      0.400000095E+01
   243      0.680000076E+02      0.400000000E+02      0.800000191E+01
   244      0.680000076E+02      0.400000000E+02      0.120000000E+02
   245      0.720000153E+02      0.400000000E+02      0.000000000E+00
   246      0.720000153E+02      0.400000000E+02      0.400000095E+01
   247      0.720000153E+02      0.400000000E+02      0.800000191E+01
   248      0.720000153E+02      0.400000000E+02      0.120000000E+02
   249      0.760000153E+02      0.400000000E+02      0.000000000E+00
   250      0.760000153E+02      0.400000000E+02      0.400000095E+01
   251      0.760000153E+02      0.400000000E+02      0.800000191E+01
   252      0.760000153E+02      0.400000000E+02      0.120000000E+02
   253      0.800000000E+02      0.400000000E+02      0.000000000E+00
   254      0.800000000E+02      0.400000000E+02      0.400000095E+01
   255      0.800000000E+02      0.400000000E+02      0.800000191E+01
   256      0.800000000E+02      0.400000000E+02      0.120000000E+02
   257      0.000000000E+00      0.000000000E+00      0.000000000E+00
   258      0.399999976E+01      0.000000000E+00      0.000000000E+00
   259      0.799999952E+01      0.000000000E+00      0.000000000E+00
   260      0.119999990E+02      0.000000000E+00      0.000000000E+00
   261      0.159999990E+02      0.000000000E+00      0.000000000E+00
   262      0.200000000E+02      0.000000000E+00      0.000000000E+00
   263      0.239999981E+02      0.000000000E+00      0.000000000E+00
   264      0.279999981E+02      0.000000000E+00      0.000000000E+00
   265      0.319999981E+02      0.000000000E+00      0.000000000E+00
   266      0.360000000E+02      0.000000000E+00      0.000000000E+00
   267      0.400000000E+02      0.000000000E+00      0.000000000E+00
   268      0.440000000E+02      0.000000000E+00      0.000000000E+00
   269      0.479999962E+02      0.000000000E+00      0.000000000E+00
   270      0.519999962E+02      0.000000000E+00      0.000000000E+00
   271      0.560000000E+02      0.000000000E+00      0.000000000E+00
   272      0.600000000E+02      0.000000000E+00      0.000000000E+00
   273      0.639999962E+02      0.000000000E+00      0.000000000E+00
   274      0.680000000E+02      0.000000000E+00      0.000000000E+00
   275      0.720000000E+02      0.000000000E+00      0.000000000E+00
   276      0.760000000E+02      0.000000000E+00      0.000000000E+00
   277      0.800000000E+02      0.000000000E+00      0.000000000E+00
   278      0.000000000E+00      0.399999976E+01      0.000000000E+00
   279      0.399999976E+01      0.399999976E+01      0.000000000E+00
   280      0.799999952E+01      0.399999976E+01      0.000000000E+00
   281      0.119999990E+02      0.399999976E+01      0.000000000E+00
   282      0.159999990E+02      0.399999976E+01      0.000000000E+00
   283      0.200000000E+02      0.399999976E+01      0.000000000E+00
   284      0.239999981E+02      0.399999976E+01      0.000000000E+00
   285      0.279999981E+02      0.399999976E+01      0.000000000E+00
   286      0.319999981E+02      0.399999976E+01      0.000000000E+00
   287      0.360000000E+02      0.399999976E+01      0.000000000E+00
   288      0.400000000E+02      0.399999976E+01      0.000000000E+00
   289      0.440000000E+02      0.399999976E+01      0.000000000E+00
   290      0.479999962E+02      0.399999976E+01      0.000000000E+00
   291      0.519999962E+02      0.399999976E+01      0.000000000E+00
   292      0.560000000E+02      0.399999976E+01      0.000000000E+00
   293      0.600000000E+02      0.399999976E+01      0.000000000E+00
   294      0.639999962E+02      0.399999976E+01      0.000000000E+00
   295      0.680000000E+02      0.399999976E+01      0.000000000E+00
   296      0.720000000E+02      0.399999976E+01      0.000000000E+00
   297      0.760000000E+02      0.399999976E+01      0.000000000E+00
   298      0.800000000E+02      0.399999976E+01      0.000000000E+00
   299      0.000000000E+00      0.799999952E+01      0.000000000E+00
   300      0.399999976E+01      0.799999952E+01      0.000000000E+00
   301      0.799999952E+01      0.799999952E+01      0.000000000E+00
   302      0.119999990E+02      0.799999952E+01      0.000000000E+00
   303      0.159999990E+02      0.799999952E+01      0.000000000E+00
   304      0.200000000E+02      0.799999952E+01      0.000000000E+00
   305      0.239999981E+02      0.799999952E+01      0.000000000E+00
   306      0.279999981E+02      0.799999952E+01      0.000000000E+00
   307      0.319999981E+02      0.799999952E+01      0.000000000E+00
   308      0.360000000E+02      0.799999952E+01      0.000000000E+00
   309      0.400000000E+02      0.799999952E+01      0.000000000E+00
   310      0.440000000E+02      0.799999952E+01      0.000000000E+00
   311      0.479999962E+02      0.799999952E+01      0.000000000E+00
   312      0.519999962E+02      0.799999952E+01      0.000000000E+00
   313      0.560000000E+02      0.799999952E+01      0.000000000E+00
   314      0.600000000E+02      0.799999952E+01      0.000000000E+00
   315      0.639999962E+02      0.799999952E+01      0.000000000E+00
   316      0.680000000E+02      0.799999952E+01      0.000000000E+00
   317      0.720000000E+02      0.799999952E+01      0.000000000E+00
   318      0.760000000E+02      0.799999952E+01      0.000000000E+00
   319      0.800000000E+02      0.799999952E+01      0.000000000E+00
   320      0.000000000E+00      0.119999990E+02      0.000000000E+00
   321      0.399999976E+01      0.119999990E+02      0.000000000E+00
   322      0.799999952E+01      0.119999990E+02      0.000000000E+00
   323      0.119999990E+02      0.119999990E+02      0.000000000E+00
   324      0.159999990E+02      0.119999990E+02      0.000000000E+00
   325      0.200000000E+02      0.119999990E+02      0.000000000E+00
   326      0.239999981E+02      0.119999990E+02      0.000000000E+00
   327      0.279999981E+02      0.119999990E+02      0.000000000E+00
   328      0.319999981E+02      0.119999990E+02      0.000000000E+00
   329      0.360000000E+02      0.119999990E+02      0.000000000E+00
   330      0.400000000E+02      0.119999990E+02      0.000000000E+00
   331      0.440000000E+02      0.119999990E+02      0.000000000E+00
   332      0.479999962E+02      0.119999990E+02      0.000000000E+00
   333      0.519999962E+02      0.119999990E+02      0.000000000E+00
   334      0.560000000E+02      0.119999990E+02      0.000000000E+00
   335      0.600000000E+02      0.119999990E+02      0.000000000E+00
   336      0.639999962E+02      0.119999990E+02      0.000000000E+00
   337      0.680000000E+02      0.119999990E+02      0.000000000E+00
   338      0.720000000E+02      0.119999990E+02      0.000000000E+00
   339      0.760000000E+02      0.119999990E+02      0.000000000E+00
   340      0.800000000E+02      0.119999990E+02      0.000000000E+00
   341      0.000000000E+00      0.159999990E+02      0.000000000E+00
   342      0.399999976E+01      0.159999990E+02      0.000000000E+00
   343      0.799999952E+01      0.159999990E+02      0.000000000E+00
   344      0.119999990E+02      0.159999990E+02      0.000000000E+00
   345      0.159999990E+02      0.159999990E+02      0.000000000E+00
   346      0.200000000E+02      0.159999990E+02      0.000000000E+00
   347      0.239999981E+02      0.159999990E+02      0.000000000E+00
   348      0.279999981E+02      0.159999990E+02      0.000000000E+00
   349      0.319999981E+02      0.159999990E+02      0.000000000E+00
   350      0.360000000E+02      0.159999990E+02      0.000000000E+00
   351      0.400000000E+02      0.159999990E+02      0.000000000E+00
   352      0.440000000E+02      0.159999990E+02      0.000000000E+00
   353      0.479999962E+02      0.159999990E+02      0.000000000E+00
   354      0.519999962E+02      0.159999990E+02      0.000000000E+00
   355      0.560000000E+02      0.159999990E+02      0.000000000E+00
   356      0.600000000E+02      0.159999990E+02      0.000000000E+00
   357      0.639999962E+02      0.159999990E+02      0.000000000E+00
   358      0.680000000E+02      0.159999990E+02      0.000000000E+00
   359      0.720000000E+02      0.159999990E+02      0.000000000E+00
   360      0.760000000E+02      0.159999990E+02      0.000000000E+00
   361      0.800000000E+02      0.159999990E+02      0.000000000E+00
   362      0.000000000E+00      0.200000000E+02      0.000000000E+00
   363      0.399999976E+01      0.200000000E+02      0.000000000E+00
   364      0.799999952E+01      0.200000000E+02      0.000000000E+00
   365      0.119999990E+02      0.200000000E+02      0.000000000E+00
   366      0.159999990E+02      0.200000000E+02      0.000000000E+00
   367      0.200000000E+02      0.200000000E+02      0.000000000E+00
   368      0.239999981E+02      0.200000000E+02      0.000000000E+00
   369      0.279999981E+02      0.200000000E+02      0.000000000E+00
   370      0.319999981E+02      0.200000000E+02      0.000000000E+00
   371      0.360000000E+02      0.200000000E+02      0.000000000E+00
   372      0.400000000E+02      0.200000000E+02      0.000000000E+00
   373      0.440000000E+02      0.200000000E+02      0.000000000E+00
   374      0.479999962E+02      0.200000000E+02      0.000000000E+00
   375      0.519999962E+02      0.200000000E+02      0.000000000E+00
   376      0.560000000E+02      0.200000000E+02      0.000000000E+00
   377      0.600000000E+02      0.200000000E+02      0.000000000E+00
   378      0.639999962E+02      0.200000000E+02      0.000000000E+00
   379      0.680000000E+02      0.200000000E+02      0.000000000E+00
   380      0.720000000E+02      0.200000000E+02      0.000000000E+00
   381      0.760000000E+02      0.200000000E+02      0.000000000E+00
   382      0.800000000E+02      0.200000000E+02      0.000000000E+00
   383      0.000000000E+00      0.239999981E+02      0.000000000E+00
   384      0.399999976E+01      0.239999981E+02      0.000000000E+00
   385      0.799999952E+01      0.239999981E+02      0.000000000E+00
   386      0.119999990E+02      0.239999981E+02      0.000000000E+00
   387      0.159999990E+02      0.239999981E+02      0.000000000E+00
   388      0.200000000E+02      0.239999981E+02      0.000000000E+00
   389      0.239999981E+02      0.239999981E+02      0.000000000E+00
   390      0.279999981E+02      0.239999981E+02      0.000000000E+00
   391      0.319999981E+02      0.239999981E+02      0.000000000E+00
   392      0.360000000E+02      0.239999981E+02      0.000000000E+00
   393      0.400000000E+02      0.239999981E+02      0.000000000E+00
   394      0.440000000E+02      0.239999981E+02      0.000000000E+00
   395      0.479999962E+02      0.239999981E+02      0.000000000E+00
   396      0.519999962E+02      0.239999981E+02      0.000000000E+00
   397      0.560000000E+02      0.239999981E+02      0.000000000E+00
   398      0.600000000E+02      0.239999981E+02      0.000000000E+00
   399      0.639999962E+02      0.239999981E+02      0.000000000E+00
   400      0.680000000E+02      0.239999981E+02      0.000000000E+00
   401      0.720000000E+02      0.239999981E+02      0.000000000E+00
   402      0.760000000E+02      0.239999981E+02      0.000000000E+00
   403      0.800000000E+02      0.239999981E+02      0.000000000E+00
   404      0.000000000E+00      0.280000000E+02      0.000000000E+00
   405      0.399999976E+01      0.280000000E+02      0.000000000E+00
   406      0.799999952E+01      0.280000000E+02      0.000000000E+00
   407      0.119999990E+02      0.280000000E+02      0.000000000E+00
   408      0.159999990E+02      0.280000000E+02      0.000000000E+00
   409      0.200000000E+02      0.280000000E+02      0.000000000E+00
   410      0.239999981E+02      0.280000000E+02      0.000000000E+00
   411      0.279999981E+02      0.280000000E+02      0.000000000E+00
   412      0.319999981E+02      0.280000000E+02      0.000000000E+00
   413      0.360000000E+02      0.280000000E+02      0.000000000E+00
   414      0.400000000E+02      0.280000000E+02      0.000000000E+00
   415      0.440000000E+02      0.280000000E+02      0.000000000E+00
   416      0.479999962E+02      0.280000000E+02      0.000000000E+00
   417      0.519999962E+02      0.280000000E+02      0.000000000E+00
   418      0.560000000E+02      0.280000000E+02      0.000000000E+00
   419      0.600000000E+02      0.280000000E+02      0.000000000E+00
   420      0.639999962E+02      0.280000000E+02      0.000000000E+00
   421      0.680000000E+02      0.280000000E+02      0.000000000E+00
   422      0.720000000E+02      0.280000000E+02      0.000000000E+00
   423      0.760000000E+02      0.280000000E+02      0.000000000E+00
   424      0.800000000E+02      0.280000000E+02      0.000000000E+00
   425      0.000000000E+00      0.319999981E+02      0.000000000E+00
   426      0.399999976E+01      0.319999981E+02      0.000000000E+00
   427      0.799999952E+01      0.319999981E+02      0.000000000E+00
   428      0.119999990E+02      0.319999981E+02      0.000000000E+00
   429      0.159999990E+02      0.319999981E+02      0.000000000E+00
   430      0.200000000E+02      0.319999981E+02      0.000000000E+00
   431      0.239999981E+02      0.319999981E+02      0.000000000E+00
   432      0.279999981E+02      0.319999981E+02      0.000000000E+00
   433      0.319999981E+02      0.319999981E+02      0.000000000E+00
   434      0.360000000E+02      0.319999981E+02      0.000000000E+00
   435      0.400000000E+02      0.319999981E+02      0.000000000E+00
   436      0.440000000E+02      0.319999981E+02      0.000000000E+00
   437      0.479999962E+02      0.319999981E+02      0.000000000E+00
   438      0.519999962E+02      0.319999981E+02      0.000000000E+00
   439      0.560000000E+02      0.319999981E+02      0.000000000E+00
   440      0.600000000E+02      0.319999981E+02      0.000000000E+00
   441      0.639999962E+02      0.319999981E+02      0.000000000E+00
   442      0.680000000E+02      0.319999981E+02      0.000000000E+00
   443      0.720000000E+02      0.319999981E+02      0.000000000E+00
   444      0.760000000E+02      0.319999981E+02      0.000000000E+00
   445      0.800000000E+02      0.319999981E+02      0.000000000E+00
   446      0.000000000E+00      0.360000000E+02      0.000000000E+00
   447      0.399999976E+01      0.360000000E+02      0.000000000E+00
   448      0.799999952E+01      0.360000000E+02      0.000000000E+00
   449      0.119999990E+02      0.360000000E+02      0.000000000E+00
   450      0.159999990E+02      0.360000000E+02      0.000000000E+00
   451      0.200000000E+02      0.360000000E+02      0.000000000E+00
   452      0.239999981E+02      0.360000000E+02      0.000000000E+00
   453      0.279999981E+02      0.360000000E+02      0.000000000E+00
   454      0.319999981E+02      0.360000000E+02      0.000000000E+00
   455      0.360000000E+02      0.360000000E+02      0.000000000E+00
   456      0.400000000E+02      0.360000000E+02      0.000000000E+00
   457      0.440000000E+02      0.360000000E+02      0.000000000E+00
   458      0.479999962E+02      0.360000000E+02      0.000000000E+00
   459      0.519999962E+02      0.360000000E+02      0.000000000E+00
   460      0.560000000E+02      0.360000000E+02      0.000000000E+00
   461      0.600000000E+02      0.360000000E+02      0.000000000E+00
   462      0.639999962E+02      0.360000000E+02      0.000000000E+00
   463      0.680000000E+02      0.360000000E+02      0.000000000E+00
   464      0.720000000E+02      0.360000000E+02      0.000000000E+00
   465      0.760000000E+02      0.360000000E+02      0.000000000E+00
   466      0.800000000E+02      0.360000000E+02      0.000000000E+00
   467      0.000000000E+00      0.400000000E+02      0.000000000E+00
   468      0.399999976E+01      0.400000000E+02      0.000000000E+00
   469      0.799999952E+01      0.400000000E+02      0.000000000E+00
   470      0.119999990E+02      0.400000000E+02      0.000000000E+00
   471      0.159999990E+02      0.400000000E+02      0.000000000E+00
   472      0.200000000E+02      0.400000000E+02      0.000000000E+00
   473      0.239999981E+02      0.400000000E+02      0.000000000E+00
   474      0.279999981E+02      0.400000000E+02      0.000000000E+00
   475      0.319999981E+02      0.400000000E+02      0.000000000E+00
   476      0.360000000E+02      0.400000000E+02      0.000000000E+00
   477      0.400000000E+02      0.400000000E+02      0.000000000E+00
   478      0.440000000E+02      0.400000000E+02      0.000000000E+00
   479      0.479999962E+02      0.400000000E+02      0.000000000E+00
   480      0.519999962E+02      0.400000000E+02      0.000000000E+00
   481      0.560000000E+02      0.400000000E+02      0.000000000E+00
   482      0.600000000E+02      0.400000000E+02      0.000000000E+00
   483      0.639999962E+02      0.400000000E+02      0.000000000E+00
   484      0.680000000E+02      0.400000000E+02      0.000000000E+00
   485      0.720000000E+02      0.400000000E+02      0.000000000E+00
   486      0.760000000E+02      0.400000000E+02      0.000000000E+00
   487      0.800000000E+02      0.400000000E+02      0.000000000E+00
   488      0.000000000E+00      0.000000000E+00      0.120000000E+02
   489      0.399999976E+01      0.000000000E+00      0.120000000E+02
   490      0.799999952E+01      0.000000000E+00      0.120000000E+02
   491      0.119999990E+02      0.000000000E+00      0.120000000E+02
   492      0.159999990E+02      0.000000000E+00      0.120000000E+02
   493      0.200000000E+02      0.000000000E+00      0.120000000E+02
   494      0.239999981E+02      0.000000000E+00      0.120000000E+02
   495      0.279999981E+02      0.000000000E+00      0.120000000E+02
   496      0.319999981E+02      0.000000000E+00      0.120000000E+02
   497      0.360000000E+02      0.000000000E+00      0.120000000E+02
   498      0.400000000E+02      0.000000000E+00      0.120000000E+02
   499      0.440000000E+02      0.000000000E+00      0.120000000E+02
   500      0.479999962E+02      0.000000000E+00      0.120000000E+02
   501      0.519999962E+02      0.000000000E+00      0.120000000E+02
   502      0.560000000E+02      0.000000000E+00      0.120000000E+02
   503      0.600000000E+02      0.000000000E+00      0.120000000E+02
   504      0.639999962E+02      0.000000000E+00      0.120000000E+02
   505      0.680000000E+02      0.000000000E+00      0.120000000E+02
   506      0.720000000E+02      0.000000000E+00      0.120000000E+02
   507      0.760000000E+02      0.000000000E+00      0.120000000E+02
   508      0.800000000E+02      0.000000000E+00      0.120000000E+02
   509      0.000000000E+00      0.399999976E+01      0.120000000E+02
   510      0.399999976E+01      0.399999976E+01      0.120000000E+02
   511      0.799999952E+01      0.399999976E+01      0.120000000E+02
   512      0.119999990E+02      0.399999976E+01      0.120000000E+02
   513      0.159999990E+02      0.399999976E+01      0.120000000E+02
   514      0.200000000E+02      0.399999976E+01      0.120000000E+02
   515      0.239999981E+02      0.399999976E+01      0.120000000E+02
   516      0.279999981E+02      0.399999976E+01      0.120000000E+02
   517      0.319999981E+02      0.399999976E+01      0.120000000E+02
   518      0.360000000E+02      0.399999976E+01      0.120000000E+02
   519      0.400000000E+02      0.399999976E+01      0.120000000E+02
   520      0.440000000E+02      0.399999976E+01      0.120000000E+02
   521      0.479999962E+02      0.399999976E+01      0.120000000E+02
   522      0.519999962E+02      0.399999976E+01      0.120000000E+02
   523      0.560000000E+02      0.399999976E+01      0.120000000E+02
   524      0.600000000E+02      0.399999976E+01      0.120000000E+02
   525      0.639999962E+02      0.399999976E+01      0.120000000E+02
   526      0.680000000E+02      0.399999976E+01      0.120000000E+02
   527      0.720000000E+02      0.399999976E+01      0.120000000E+02
   528      0.760000000E+02      0.399999976E+01      0.120000000E+02
   529      0.800000000E+02      0.399999976E+01      0.120000000E+02
   530      0.000000000E+00      0.799999952E+01      0.120000000E+02
   531      0.399999976E+01      0.799999952E+01      0.120000000E+02
   532      0.799999952E+01      0.799999952E+01      0.120000000E+02
   533      0.119999990E+02      0.799999952E+01      0.120000000E+02
   534      0.159999990E+02      0.799999952E+01      0.120000000E+02
   535      0.200000000E+02      0.799999952E+01      0.120000000E+02
   536      0.239999981E+02      0.799999952E+01      0.120000000E+02
   537      0.279999981E+02      0.799999952E+01      0.120000000E+02
   538      0.319999981E+02      0.799999952E+01      0.120000000E+02
   539      0.360000000E+02      0.799999952E+01      0.120000000E+02
   540      0.400000000E+02      0.799999952E+01      0.120000000E+02
   541      0.440000000E+02      0.799999952E+01      0.120000000E+02
   542      0.479999962E+02      0.799999952E+01      0.120000000E+02
   543      0.519999962E+02      0.799999952E+01      0.120000000E+02
   544      0.560000000E+02      0.799999952E+01      0.120000000E+02
   545      0.600000000E+02      0.799999952E+01      0.120000000E+02
   546      0.639999962E+02      0.799999952E+01      0.120000000E+02
   547      0.680000000E+02      0.799999952E+01      0.120000000E+02
   548      0.720000000E+02      0.799999952E+01      0.120000000E+02
   549      0.760000000E+02      0.799999952E+01      0.120000000E+02
   550      0.800000000E+02      0.799999952E+01      0.120000000E+02
   551      0.000000000E+00      0.119999990E+02      0.120000000E+02
   552      0.399999976E+01      0.119999990E+02      0.120000000E+02
   553      0.799999952E+01      0.119999990E+02      0.120000000E+02
   554      0.119999990E+02      0.119999990E+02      0.120000000E+02
   555      0.159999990E+02      0.119999990E+02      0.120000000E+02
   556      0.200000000E+02      0.119999990E+02      0.120000000E+02
   557      0.239999981E+02      0.119999990E+02      0.120000000E+02
   558      0.279999981E+02      0.119999990E+02      0.120000000E+02
   559      0.319999981E+02      0.119999990E+02      0.120000000E+02
   560      0.360000000E+02      0.119999990E+02      0.120000000E+02
   561      0.400000000E+02      0.119999990E+02      0.120000000E+02
   562      0.440000000E+02      0.119999990E+02      0.120000000E+02
   563      0.479999962E+02      0.119999990E+02      0.120000000E+02
   564      0.519999962E+02      0.119999990E+02      0.120000000E+02
   565      0.560000000E+02      0.119999990E+02      0.120000000E+02
   566      0.600000000E+02      0.119999990E+02      0.120000000E+02
   567      0.639999962E+02      0.119999990E+02      0.120000000E+02
   568      0.680000000E+02      0.119999990E+02      0.120000000E+02
   569      0.720000000E+02      0.119999990E+02      0.120000000E+02
   570      0.760000000E+02      0.119999990E+02      0.120000000E+02
   571      0.800000000E+02      0.119999990E+02      0.120000000E+02
   572      0.000000000E+00      0.159999990E+02      0.120000000E+02
   573      0.399999976E+01      0.159999990E+02      0.120000000E+02
   574      0.799999952E+01      0.159999990E+02      0.120000000E+02
   575      0.119999990E+02      0.159999990E+02      0.120000000E+02
   576      0.159999990E+02      0.159999990E+02      0.120000000E+02
   577      0.200000000E+02      0.159999990E+02      0.120000000E+02
   578      0.239999981E+02      0.159999990E+02      0.120000000E+02
   579      0.279999981E+02      0.159999990E+02      0.120000000E+02
   580      0.319999981E+02      0.159999990E+02      0.120000000E+02
   581      0.360000000E+02      0.159999990E+02      0.120000000E+02
   582      0.400000000E+02      0.159999990E+02      0.120000000E+02
   583      0.440000000E+02      0.159999990E+02      0.120000000E+02
   584      0.479999962E+02      0.159999990E+02      0.120000000E+02
   585      0.519999962E+02      0.159999990E+02      0.120000000E+02
   586      0.560000000E+02      0.159999990E+02      0.120000000E+02
   587      0.600000000E+02      0.159999990E+02      0.120000000E+02
   588      0.639999962E+02      0.159999990E+02      0.120000000E+02
   589      0.680000000E+02      0.159999990E+02      0.120000000E+02
   590      0.720000000E+02      0.159999990E+02      0.120000000E+02
   591      0.760000000E+02      0.159999990E+02      0.120000000E+02
   592      0.800000000E+02      0.159999990E+02      0.120000000E+02
   593      0.000000000E+00      0.200000000E+02      0.120000000E+02
   594      0.399999976E+01      0.200000000E+02      0.120000000E+02
   595      0.799999952E+01      0.200000000E+02      0.120000000E+02
   596      0.119999990E+02      0.200000000E+02      0.120000000E+02
   597      0.159999990E+02      0.200000000E+02      0.120000000E+02
   598      0.200000000E+02      0.200000000E+02      0.120000000E+02
   599      0.239999981E+02      0.200000000E+02      0.120000000E+02
   600      0.279999981E+02      0.200000000E+02      0.120000000E+02
   601      0.319999981E+02      0.200000000E+02      0.120000000E+02
   602      0.360000000E+02      0.200000000E+02      0.120000000E+02
   603      0.400000000E+02      0.200000000E+02      0.120000000E+02
   604      0.440000000E+02      0.200000000E+02      0.120000000E+02
   605      0.479999962E+02      0.200000000E+02      0.120000000E+02
   606      0.519999962E+02      0.200000000E+02      0.120000000E+02
   607      0.560000000E+02      0.200000000E+02      0.120000000E+02
   608      0.600000000E+02      0.200000000E+02      0.120000000E+02
   609      0.639999962E+02      0.200000000E+02      0.120000000E+02
   610      0.680000000E+02      0.200000000E+02      0.120000000E+02
   611      0.720000000E+02      0.200000000E+02      0.120000000E+02
   612      0.760000000E+02      0.200000000E+02      0.120000000E+02
   613      0.800000000E+02      0.200000000E+02      0.120000000E+02
   614      0.000000000E+00      0.239999981E+02      0.120000000E+02
   615      0.399999976E+01      0.239999981E+02      0.120000000E+02
   616      0.799999952E+01      0.239999981E+02      0.120000000E+02
   617      0.119999990E+02      0.239999981E+02      0.120000000E+02
   618      0.159999990E+02      0.239999981E+02      0.120000000E+02
   619      0.200000000E+02      0.239999981E+02      0.120000000E+02
   620      0.239999981E+02      0.239999981E+02      0.120000000E+02
   621      0.279999981E+02      0.239999981E+02      0.120000000E+02
   622      0.319999981E+02      0.239999981E+02      0.120000000E+02
   623      0.360000000E+02      0.239999981E+02      0.120000000E+02
   624      0.400000000E+02      0.239999981E+02      0.120000000E+02
   625      0.440000000E+02      0.239999981E+02      0.120000000E+02
   626      0.479999962E+02      0.239999981E+02      0.120000000E+02
   627      0.519999962E+02      0.239999981E+02      0.120000000E+02
   628      0.560000000E+02      0.239999981E+02      0.120000000E+02
   629      0.600000000E+02      0.239999981E+02      0.120000000E+02
   630      0.639999962E+02      0.239999981E+02      0.120000000E+02
   631      0.680000000E+02      0.239999981E+02      0.120000000E+02
   632      0.720000000E+02      0.239999981E+02      0.120000000E+02
   633      0.760000000E+02      0.239999981E+02      0.120000000E+02
   634      0.800000000E+02      0.239999981E+02      0.120000000E+02
   635      0.000000000E+00      0.280000000E+02      0.120000000E+02
   636      0.399999976E+01      0.280000000E+02      0.120000000E+02
   637      0.799999952E+01      0.280000000E+02      0.120000000E+02
   638      0.119999990E+02      0.280000000E+02      0.120000000E+02
   639      0.159999990E+02      0.280000000E+02      0.120000000E+02
   640      0.200000000E+02      0.280000000E+02      0.120000000E+02
   641      0.239999981E+02      0.280000000E+02      0.120000000E+02
   642      0.279999981E+02      0.280000000E+02      0.120000000E+02
   643      0.319999981E+02      0.280000000E+02      0.120000000E+02
   644      0.360000000E+02      0.280000000E+02      0.120000000E+02
   645      0.400000000E+02      0.280000000E+02      0.120000000E+02
   646      0.440000000E+02      0.280000000E+02      0.120000000E+02
   647      0.479999962E+02      0.280000000E+02      0.120000000E+02
   648      0.519999962E+02      0.280000000E+02      0.120000000E+02
   649      0.560000000E+02      0.280000000E+02      0.120000000E+02
   650      0.600000000E+02      0.280000000E+02      0.120000000E+02
   651      0.639999962E+02      0.280000000E+02      0.120000000E+02
   652      0.680000000E+02      0.280000000E+02      0.120000000E+02
   653      0.720000000E+02      0.280000000E+02      0.120000000E+02
   654      0.760000000E+02      0.280000000E+02      0.120000000E+02
   655      0.800000000E+02      0.280000000E+02      0.120000000E+02
   656      0.000000000E+00      0.319999981E+02      0.120000000E+02
   657      0.399999976E+01      0.319999981E+02      0.120000000E+02
   658      0.799999952E+01      0.319999981E+02      0.120000000E+02
   659      0.119999990E+02      0.319999981E+02      0.120000000E+02
   660      0.159999990E+02      0.319999981E+02      0.120000000E+02
   661      0.200000000E+02      0.319999981E+02      0.120000000E+02
   662      0.239999981E+02      0.319999981E+02      0.120000000E+02
   663      0.279999981E+02      0.319999981E+02      0.120000000E+02
   664      0.319999981E+02      0.319999981E+02      0.120000000E+02
   665      0.360000000E+02      0.319999981E+02      0.120000000E+02
   666      0.400000000E+02      0.319999981E+02      0.120000000E+02
   667      0.440000000E+02      0.319999981E+02      0.120000000E+02
   668      0.479999962E+02      0.319999981E+02      0.120000000E+02
   669      0.519999962E+02      0.319999981E+02      0.120000000E+02
   670      0.560000000E+02      0.319999981E+02      0.120000000E+02
   671      0.600000000E+02      0.319999981E+02      0.120000000E+02
   672      0.639999962E+02      0.319999981E+02      0.120000000E+02
   673      0.680000000E+02      0.319999981E+02      0.120000000E+02
   674      0.720000000E+02      0.319999981E+02      0.120000000E+02
   675      0.760000000E+02      0.319999981E+02      0.120000000E+02
   676      0.800000000E+02      0.319999981E+02      0.120000000E+02
   677      0.000000000E+00      0.360000000E+02      0.120000000E+02
   678      0.399999976E+01      0.360000000E+02      0.120000000E+02
   679      0.799999952E+01      0.360000000E+02      0.120000000E+02
   680      0.119999990E+02      0.360000000E+02      0.120000000E+02
   681      0.159999990E+02      0.360000000E+02      0.120000000E+02
   682      0.200000000E+02      0.360000000E+02      0.120000000E+02
   683      0.239999981E+02      0.360000000E+02      0.120000000E+02
   684      0.279999981E+02      0.360000000E+02      0.120000000E+02
   685      0.319999981E+02      0.360000000E+02      0.120000000E+02
   686      0.360000000E+02      0.360000000E+02      0.120000000E+02
   687      0.400000000E+02      0.360000000E+02      0.120000000E+02
   688      0.440000000E+02      0.360000000E+02      0.120000000E+02
   689      0.479999962E+02      0.360000000E+02      0.120000000E+02
   690      0.519999962E+02      0.360000000E+02      0.120000000E+02
   691      0.560000000E+02      0.360000000E+02      0.120000000E+02
   692      0.600000000E+02      0.360000000E+02      0.120000000E+02
   693      0.639999962E+02      0.360000000E+02      0.120000000E+02
   694      0.680000000E+02      0.360000000E+02      0.120000000E+02
   695      0.720000000E+02      0.360000000E+02      0.120000000E+02
   696      0.760000000E+02      0.360000000E+02      0.120000000E+02
   697      0.800000000E+02      0.360000000E+02      0.120000000E+02
   698      0.000000000E+00      0.400000000E+02      0.120000000E+02
   699      0.399999976E+01      0.400000000E+02      0.120000000E+02
   700      0.799999952E+01      0.400000000E+02      0.120000000E+02
   701      0.119999990E+02      0.400000000E+02      0.120000000E+02
   702      0.159999990E+02      0.400000000E+02      0.120000000E+02
   703      0.200000000E+02      0.400000000E+02      0.120000000E+02
   704      0.239999981E+02      0.400000000E+02      0.120000000E+02
   705      0.279999981E+02      0.400000000E+02      0.120000000E+02
   706      0.319999981E+02      0.400000000E+02      0.120000000E+02
   707      0.360000000E+02      0.400000000E+02      0.120000000E+02
   708      0.400000000E+02      0.400000000E+02      0.120000000E+02
   709      0.440000000E+02      0.400000000E+02      0.120000000E+02
   710      0.479999962E+02      0.400000000E+02      0.120000000E+02
   711      0.519999962E+02      0.400000000E+02      0.120000000E+02
   712      0.560000000E+02      0.400000000E+02      0.120000000E+02
   713      0.600000000E+02      0.400000000E+02      0.120000000E+02
   714      0.639999962E+02      0.400000000E+02      0.120000000E+02
   715      0.680000000E+02      0.400000000E+02      0.120000000E+02
   716      0.720000000E+02      0.400000000E+02      0.120000000E+02
   717      0.760000000E+02      0.400000000E+02      0.120000000E+02
   718      0.800000000E+02      0.400000000E+02      0.120000000E+02
